3735 5081 8140 7431 5796 1980	1
3735 5264 8545 8740	1
3735 4738 9021	1
1003 2897 5726	0
3735 2011 1397 2077 182 4580 8450	1
3735 2449 4266 8322	1
3735 9198	0
3735 808 313 808 313	0
3735 1858 6637 5239 9281	0
3735 5753 8463	1
3741 1583 45 229 243 33 4723 5507	1
3735 2168 4063 7012	0
3735 8230	0
3735 5753	1
3741 6405 5331 5176	1
3735 5753 7966	1
3735 8488 4854	1
3735 6258 8929	0
3749 9378 3869	0
3735 904 2663 2457	0
3735 5785 9002	0
3735 823 8552	2
3735 4408 6848 9008 6885	0
3735 7156 8756 7573 6533	1
3735 5246 1583 134 248	1
3735 3106 5546 287 4701 8241 2581 3708	1
3735 7541 6126	1
3735 7687 9400 6135 5019	1
3735 763 7062 5759 8450 1879 1858 8018	1
3735 8924	0
3735 5753 5957	1
3735 9242 4258 2761 615 692 3672	1
3749 2533 406 8640 8925 4239 4446 191	0
3735 1242 3202 7582 4411	1
3735 8431	1
3735 4739	0
3735 6798 5293 891 2438 7940	0
3735 6779 5072 8369	1
3735 6662	0
3735 6669 1116 8552 3710 1116	2
3735 7295 5208 49 5345 5602 2871	1
3735 4050 7873 8073 4148 5545 847 2349 248 200	1
3735 4379 8522 5760 7037 4565 9167	1
3735 6883 2067	0
3735 8956	0
3735 7625 5662 463	1
3735 8873 5607	0
3735 5184	1
3735 6779 7348 1357 1758 4 9378 9401 4510 4131	1
3735 1342 9378 6669	1
3735 7899 4708 4387	0
3735 6786	0
3735 3252 3251 5825 7020 7349	1
3735 5776 6846 2079 2349 239 127	1
3735 2636 5359	0
3735 4335 4633 5099 3585 210 8718 5014	1
3735 7293 9378 9035	0
3735 5387 7683 5582	0
3735 7376	0
3735 7156 8756 7573 6533	1
3735 7531 7061 8614 5991 7062 4685	0
3735 9389 6323	1
3735 1790 5751 7039	1
3735 9302 5417	0
3735 4714 7720 6911	0
3735 8297 3353 1741 8637 9105	0
3735 7293 3864 7340	0
3735 8047 6616 3414 8472	1
3735 8927 2960 3304 2857 5992	1
3735 7081 8282 1012	1
3735 2548 3716 9406 2772 457	0
3735 4249 6818 667 2243 6463	1
1831 1858 6995 8126 7995	0
3735 5133 6356 6622 3594	0
1831 1858 5643 8916 8696 5171	0
3735 5932 5300	0
3735 5563 8488	0
3735 5753 4733	1
3740 8049	0
3735 5331 8188 6559 2650 431	1
3749 7284 9009 8672	0
1831 1858 819 5275	0
3735 4850 4341 5070 1084	1
3735 6607 8552	0
3735 5292 6990 4912	0
3735 2423 1599 7039	1
3735 5753 6775	1
3735 6929 4565 4833 5980 5074	1
1831 8208 9345	0
3735 5239 8280 3517	0
3735 7316	0
3735 4456 9315 8084 1103	1
1831 7333	0
1831 7832 1867	0
3735 4050 7214 3329 1980	1
3735 719 5444	0
3735 8103 6886 8916	1
3735 4713 4564 3486 2383 3326	1
3735 7081 8931	1
3735 5753 4822 4565	1
3735 313 820 2567 3631 3437 3630 2566 2733 2565	1
3735 1342 9378 2686 1521 5055 6883 5053 5811	1
3735 5261 5063 108 8937 5184 3585 934 2046 2011 2369	1
3735 643	0
3735 5796 2180 2374 9338 189 3916 2712	1
3735 2964	2
3735 1956	2
3735 5659 6555	1
3735 4282 3947 8031	1
3735 6045 6312 7915	1
3735 3310 5333 7491 6454	1
3741 6206 33 5072 6949	1
3749 6181 6306 7582	0
3735 6598 8517 3260	1
3735 4021 3635	1
3735 3879 5528 8690	1
3735 587 4821	1
3735 3106 5546 287 4701 8241 2581 3708	1
3735 1145 2197 5369	1
3735 1999 4016	1
3735 3208	0
3735 7293 3585 500 8227 8639	0
3735 2372 2270 7603 4753 5392 3784	1
1831 9090 6687 5149 1120 8370 4665	0
3735 4888 8121 7226 9414	1
3749 7897 2277 5328 4487	0
3735 1988 887	0
3735 4411 7857 7431 6178 7857	1
3735 8431	1
3735 1514 1518 862 2373 2031	0
3735 9378 8845	0
3735 2375 770 7039 4671 8607 7357	1
3735 7159 4316 172 173 174	1
3735 141 7213 761 9042 6558 260 9094 1897 7733	1
3735 982 1900 4565	1
3735 8838 4294 4084 5685 9193 3882 8554 8252 7009	1
3749 3585 7649 5521 6213 2658	0
3735 5292 4070 7895	0
3735 8838 5934	1
3735 3045 2250 3372 6435 1156 3761 764 4547 5171 4517 7140	1
3735 4050 4496 9347	1
3735 5209 8476	0
1831 5256 4915 6996 3121 3922	0
3735 4660 9286 1430 240	1
3735 8261 7656 5494 8185 7742	1
3735 946 946 922	0
3735 7293 9378 6960	0
3735 130 1691 3726 9406 8925 3486 956 494	1
1831 9242 104 3957 1170	0
3735 5292 2611 3836 932 7510	0
3735 5349 7364 5766	0
1831 7004	0
3735 5971 4088	0
3735 5753 7925	1
3741 7036 4719	1
3735 5753 8388	1
3735 6888 985 4201 5408	1
3735 4465 5369 2226 2981 5369	1
3735 3486 2230 3075 3703	0
3735 4986 5714 7846 2854 5733 103	0
3735 9378 4571 1546 4607 840	0
3735 2548 3716 9406 2772 457	0
3735 4850 2490 7720 6594	1
3735 837 7623 4411 2686 3731 5989	1
3735 4219 6260 5918 7557 4565	1
3735 9377	0
3735 2168 6385	1
1831 312 6423 8632 8563	0
3520 4556 8428 1858 5424	1
3735 6521 9315 9345 8533 3333	1
3735 4776 6587 4497	1
3740 4729	0
3735 7897 4607 6913 7580 8339 2915 6259 8450	1
1831 8112 6903 6342 8416	0
1888 8522 7935 59 65 68 73 74 79 87 96 134	1
3741 4440 5707 269 8515 6259 261 7248 6645	1
3735 3438 8229 4104 8143 8301 3249 3332 1471	1
3735 1119	2
3735 5097 8728 2808 2751	1
1831 1858 8393 3975	0
3735 1454 2156 9299 2611 3835	0
3735 4243 5685 7095 8838 8282 8101 527 2736 2752 850	0
3735 8524 5634 2442 3790 8708 5834 3486 1658 1575	1
1831 2077 6995	0
3735 719 5444	0
3735 6231	1
3735 7132 7998 2940 2921 5938 8621 2003 3804	1
3735 3532 6736	0
3735 6849 6498	0
1831 5020 7781	0
3735 2106 3033 7749	1
3735 430 5725 4677	1
3735 7142	0
514 4565	1
3735 5292 6500 4385	0
2573 7691 6109 5809	1
3740 6837	0
3735 4153	0
3735 1460 3804 5042	0
3735 6893 4928 4206 4419 4453	1
3735 5209 8838 9276 8757	0
3735 6413 995	1
3735 1999 6272 8562 198 2455 3703	1
3735 5905 5410	0
3735 3045 2250 3372 6435 1156 3761 764 4547 5171 4517 7140	1
3735 2459 1636 6939 6415	2
3735 2462 3716	0
3735 5753 4743	1
3735 5933 6085 8525 942 3823 2489	1
3735 1858 4564 8454 5170 5052	1
2573 7691 4989 8033 4090	1
3735 4850 4137	1
3741 7016 4915 7700	1
3735 7232 6598 404	1
3735 5292 7580 7061 8046 8054	0
3735 6156 2731	0
3735 2202 872 4411 6459 1845 1264	1
3735 5796 4143 9056 3180 3312 2599	1
3735 6332	0
1888 2051 2437 6231 4202 7011	1
3735 4884 6725 9150 4467	1
3735 5753 7635	1
3749 4363 4850 7033 3731	0
1480 5331 5436 3257 9023	1
1831 5569 5075	0
3735 5292 5962 9154	0
3735 1342 9378 2686 1521 5055 6883 5053 5811	1
3735 6428 8512	0
3735 7293 4587 4588 954	0
3749 7431 7892 3665 3703	0
3735 5606 8199	0
3735 4411 1794 892	1
2573 8621 948 3642 414 4447 8102	1
3735 6173 4715 4497 8529	1
3735 8524 7528 84 1342 972 3703 8916	1
3735 4660 1430 90	1
3735 8038 3889 4760 7128 4420 2033 4565	1
3735 2577 8283 6558 5356 5679 291 7431 8117	1
2573 6070 2550 614	1
1831 9401 2282 8656 4328 1918 8462	0
3749 430 8437 3688 4565 1236	0
3735 2035 3085 5796 8560 1192 2071	1
1831 4744 9363 5655	0
1831 1793 4499 7616 92	0
3735 4853 4373 8680 7727	1
3735 5847 1428 3842 6249	1
3749 8147	0
3749 3139 1198 8149 7946 4090 8652 6916	0
3735 7715 6305 6925 4609	0
3735 4715 6053	1
3735 6605 3585 3979 5099 9291	1
3735 6124 2002 1761 7528	1
3735 464	0
3735 4740 4233 5075 1504 2367 9332 4565 2462 3716 7412	1
1831 1858 5028 7832 4206 7004	0
3735 4712 4825 5508	1
3735 5753 8044	1
3741 6897 1703 8340 5057	1
3735 1727 2000 7906 5168	1
1831 6844 5905 6964	0
3735 8354 421 2460 8559 3527 1138	1
3735 5874 8621 4351 7117 4351 954 9027	1
3735 9378 6924	0
3735 5796 3498 2528 2648 2320	1
3735 9079 9261 7569	1
3735 7082	0
3735 8522 5760 8410 4781 6508	1
3735 7293 6513 6513	0
3735 9242 5917 3318 2821	1
3735 6347	0
3735 7142	0
3735 5594 6407 7521 6017	0
2573 9172 525 1481 1118 4869	1
3735 7293 4384 4451 7499 6037	0
3735 1195 336 954 866	0
3749 1375 533 2675	0
1831 1858 8338 1331 2908	0
3735 3438 5991 4977 3932 7479 8931 8310	1
3735 8522 5760 8392 8767 8961	1
3735 8407 2611 1341	1
3735 1452 1497 7900 8524	1
3735 2011 1783 6367 2007 1494	0
3735 4776 6587 4497	1
3735 8838 8475 9299	0
3735 9242 4258 2761 615 692 3672	1
3735 7317 8241 4216 2777 2671 2532	1
1831 7333	0
3735 4769 5722 7140 9260 1504 3764	0
3735 3446 2321	1
3735 1872 1466 6458 1968 721	1
3735 9173 5917 8171 4256 6477 8282	1
3735 931 1817	0
3735 7544 6115	1
3735 4097 8758 4041	1
3735 8838 5934	1
3735 6335 2011 3366 8925 3486 1657 3806	1
3735 6883 8659	0
3735 5209 5025	0
3735 7582 8450 1087 8116	1
3735 4884 4911	1
3735 3438 8241 7945 4988	1
3735 8488 3776 2880	1
1831 8951 7313	0
3735 4844 6962	1
3735 4456 6504 838 2102 3932 211 6452 4867 9278	1
3735 8407 2611 1341	1
3735 4850 8638 999 8110	1
3735 3028 1440 6199 7872 2642 2921 2826	0
1831 5528 8646 7764	0
2573 8621 948 3642 414 4447 8102	1
1831 4351	0
3735 1342	1
3735 2284 8552	2
3735 5369 1080 1961 4442	1
3735 6717 4774 4671 8176 9019 6066 9390 303 40 7612	1
3735 7641 7065	0
3735 4850 4636 9238 2124	1
1831 8541 5858	0
3735 1509 2051 8295 8621 336 1070 1215	0
3735 8430 5424 8821 1617 1737	1
3735 4575 8615 6316	1
3735 9378 6757 7350 3880	1
3735 6669 6161 4042	0
1888 7939 1937 7094 6062	1
3749 8592 7107 6667 6417	0
3735 4774 5209 8993 6231	0
3735 1858 7946 8649 6127 6583 5335	1
3735 5292 6935 6934	0
3735 1858 5369 6721 1221 3731 1901	0
3735 208 852 655 689 7039 7943 165 2686 368	1
3735 347 2823	0
1831 3407 2905 5982 7618 4052 8229	0
3735 8790 4269 4833	1
3735 3434 8552 3434 1324	2
3735 1712 353 2003 3374 1832 2049 3279 4884	0
3735 4640 8160 5778	0
3735 7186 3106 8661 8117 2653 3177 480 303 214	1
3735 9157 7812 3533 5174 1501	1
3735 1249 7982	1
1888 7039 8925	1
1831 7810 8531	0
3735 6761 6671 430 6531	1
3735 7766 4607 4452	0
1831 9401 2282 8656 4328 1918 8462	0
3735 9340 5075 5472	1
3735 6154 8623 7556	1
3735 2011 3366 7594 2005 5725 5428 2685 5455	1
3735 5565	0
2034 2171 7039	1
3735 8079 7578 4447 2611 2708	1
3735 8015 4956	1
3735 5292 7606 7669	0
3749 6707 4565 2094 2044	0
3735 2610 3236 5391 8725 7185 9242	1
3735 1954 3524 4411 5760 1604 4673 4699	1
1888 5796 3370 3329 5369 8556 6794 4699 5369	1
1831 1858 4763 4550 3883	0
3735 7778 1312 5482	1
3735 4372 2155 2611 1995 2396 297 202	1
3735 6599 2329	1
3735 2308 3731 5796	1
1831 6230 5062 7965	0
3735 4051 1233 2216 2723 3309	1
3735 5753 8346	1
3735 8195 4853	1
3735 5293 206 216	0
3735 3700 1854 7946 7439 7039 3486 3544 3244 2305	1
3735 6199 8178 5466	0
1831 7829 5905	0
3735 7808 5471 7974 6497	1
3735 6486	0
3735 3438 8229 4695 7081 7728 6425	1
3735 4456 9315 8084 1103	1
3735 5862 3670 3642 1624 7352	1
3735 6014 1858	1
1831 5947 3318	1
3735 7369 4167	0
3735 8524 5634 2442 3790 8708 5834 3486 1658 1575	1
3735 5193 4612 6381 3737 1493 2256 1161	1
3735 4050 4496 9347	1
3735 7525 4802	1
1831 1858 4766 1858 4826	0
3735 652 875 7528	1
1831 5790 8032	0
3735 7408 3978 6365 1591 3804 3703 1858	1
3735 1802 3099 369	0
1831 5256 6205 7971	0
3735 7293 627 5697 4296	0
3735 8192 5528	1
3735 5743 5824	1
1831 4351 8250	0
3735 4309 8147	0
3735 3310 5333 7491 6454	1
3735 6158 7972 6448 9248 9289	1
3735 4036	0
3735 5292 6500 4385	0
3735 2166 911 455	0
3735 863 5120 2353 1569 7296	1
3735 5312 5069	1
3735 3907 2589 797 1922	2
3740 4729	0
3735 6883 8855	0
3735 8971 8830 1652 3271	1
3735 7398	0
1831 5692 4285 9238 3760 4279 5508 7941 9353	0
3735 4850 5699 8219 6687	1
3735 7691 3045 1040 5157 7431 6576 8304	1
3735 824 8552	2
3735 7617 2898 594	0
3735 4658 1334 8387 8256 2548 2573 1934	0
3735 4915 7269 8757 4916	1
3735 6883 3685 3825 7544 3486 3502 1772	0
3735 353	0
1831 1858 8911 8911	0
3735 7118 5991 9368 4028 4688 7872 3598 1106	1
3735 7421 8470 6682 577 538 2986 2972 2490 4388	1
3735 7691 3761 1818 5329 7686	1
1168 5025	0
3735 7186 3106 8661 8117 2653 3177 480 303 214	1
3735 7281 5290 5974 6404 3177 3804	1
3735 7625 5662 463	1
1831 7431 1929 3585 7997 1929	0
3735 8870 8838 4092 7356 2487 3264 2845 3003 1169	1
1831 9159 6776 5375 45 287	0
3735 2555 8552	2
1831 6536 8404 6791	0
3735 9078 4471 1626 1572 756	1
3735 5440 6342	0
1831 8284 6432 1968 1952 2087 5240 5605 8123	0
3735 4756 6647	0
3735 1374 7811 9349 7029 8544 4204 6510 7897 7566 5397	1
3735 4850 51 6306 3585	1
3735 8325 5042 7876	1
3735 8001 401 808 3193 3713 4882	0
3735 8627	0
3735 7024 7237	0
3735 5495 8400 6586	1
3735 7034 5739 8708	0
3735 5424 8084 4824 6949 7497	1
1831 1858 7691 6679 2559	0
3735 8681 5310 8837	1
3735 4039	0
3741 625 5326 5053 6279 3062 3382	1
3749 61 7431 6537 5091	0
1831 1858 6711 4662 7861 7081	0
3735 9378 3960	0
1888 6897 3396 1703 4954 8340 5057	1
3735 7048	0
3735 4884 4585	1
3735 8084 6980 7253 4233	1
3735 6660 6475 5697 4565	1
1831 8620 5905	0
3735 5807	1
3735 3907 824	2
1831 1858 6384 8795 7348 3290 3185 6384 224 6384 8795	0
3735 6605 4351 5472	1
2695 5847 1428 3842 4881 3985 7501 6293	1
1831 1858 5570 8083 9433 4011	0
3735 2042 4358	0
3735 8807 4565 4833 5980 7686	1
3735 5146 7970 5872 3899 5667 7020	0
3735 5824 4936	1
3735 6887 5129	0
3735 4653 3930 252 4054 8239 3606 2590 1582 515	0
3735 5880 4266 1630 5482	1
3749 1902 4565 1902	0
3735 4575 8615 6316	1
1831 1858 4968 462 5313	0
3735 4796 5560	1
1831 6142 5131	0
3735 4974 7723 328	0
3735 7310 166 3817 1034	0
3735 7042	0
3735 1770 1774 4411 8046	1
3735 6605 9150 4554	0
3735 9041	0
3735 7615 8430 5424 6979 8470	1
3735 4715 6667 6417	1
3735 1195 1145 4624 6922 588 9337 2783	1
3735 8422 8973 7431 7431	1
3735 7691 6840 6236 5705 8141	1
3735 8746 9443 8320 1580	1
3735 4851 5697 4565	1
3735 3676 2569 5760 2927 1842 6757 63 6035	1
1831 9078 942 4701 6548	0
3735 4132 4803 8934 2490	1
3735 5332 5128 4363 5124	1
3735 2458 2522 8338 3912	0
3735 4051 2746 5609	1
3735 7461 4837	1
3749 5368 9408 4061 7796	0
3735 1318 2633 8478	1
3735 8950 287 5781 4412 8916	1
3749 7303 5867	0
1831 4992 5886 5885	0
3735 5753 5425	1
3735 6885 8838 9425 6873 7902 4407	0
3735 6456 7522 6546	0
3735 5312 5069	1
1831 3852 7439 6782 1118 4869	0
3735 4756	1
3735 7521 8703	0
3735 5991 3369 2412 1308 1541 3048 7528 3486 962 2086	1
3735 6564 4051 841	1
3735 5307 5433 4565	1
3735 8230	0
1831 9255 7117	0
3735 1400 4684 2613 2472 5195 3438 2396 322 185	0
3741 4927 8435 7400 6896	1
3735 6256 5634 6164 1217 133	1
3735 8927 2960 3304 2857 5992	1
3735 164 5618 7039 8000 5318 2011 1854 2330 1408 1844 714 2377 522 3243 1664	1
3735 8450 8233 4799 8866 3486 2013 881 3234	1
3735 4850 8147 4527	1
1831 8672 4123	0
1831 8108 6896	0
3735 7202 5239	0
3735 553	2
3735 9079 7510	1
3735 5484 9133 6157 6555	1
3735 7093 3982 8025 6287	1
3735 5796 4589 4520 2798 4669 2757	1
3735 7159 4316 172 173 174	1
3735 2047	0
3735 5739 5880 7641 8196 4370 57 6228 8505	1
3735 3802 411 4564 1978 5997 5796 5442 1342 4865	1
3735 189 5796 1961 2185 7593 4628	1
3735 5440 6342	0
1831 1968 721 6852	0
1831 9261 9022 8095 5424	0
3735 7676 2694 6779 4976 9089 9093 7794	1
3735 8068 8950 6864 4565	1
3735 4016 2168	1
3735 4561	0
3735 5292 1953 2140	0
3735 3974 4868 4411 6703	1
3735 6092 8147	0
3735 6794 4091 8429 6333	0
3749 7431 9117 7425 2448 5509	0
3741 8430 5424 2304 3946	1
3735 4853 6781	1
3735 5751 4850	1
3735 8664 2025 2914 3873 5610 7422 6843	1
3735 5753 5321	1
3749 4565 6151 6150	0
3735 1859 8552	2
3735 761 3438 8229 5759 1335 2782	1
3214 1642 4797 2246 449 7229 7867	0
3735 2719 3014 1235 4564 6426 8570	1
3735 4050 8766 4565 4491	1
3735 6347	0
3735 5258 7413	1
3735 4587 7693 6380 3407 3268 2778 807 2699	1
3749 4564 6277	0
1831 8495 6785 8511 6015 3957 7314 6015	0
3735 4561	0
1831 1858 4564 5950 5042 1858 8815	0
3735 5020 7028 8054 8933 7373	1
3735 8830 4219 9219	0
3735 4039	0
3735 7293 5627 4645 4649	0
3735 7048	0
1831 6536 8404 6791	0
3735 5753 8905	1
1831 4499 8434 4607 8147 5673	0
3735 5550	0
3741 7188 9152 3169 6530 7368 5675 114	1
3735 9078 4732 2039 3654	0
1831 1658 1180 3957 1977 6258	0
3735 1121	2
3740 6846 4678	0
1831 5735 7274	0
1831 1858 8562 4228	0
514	1
3735 4740 4233 5075 1504 2367 9332 4565 2462 3716 7412	1
3735 5741 3744 2036 7400 129	1
3735 4050 556	1
3735 170 5796 9369 2713 6382 7482	1
3735 8524 6779 6605 4758	1
3735 1790 9110 4168 7324 610 6081 2535 145	1
3735 9261 5975	0
3735 5753 5331	1
1831 1858 5940 8806 1321 3647	0
3735 6235 5991 7529 8918	1
3735 7783 6394 5386 4379	0
3735 9378 7214 280 245 8917 674	1
3735 7617 2898 594	0
3396 1703 4954 8340 5057 6897	1
3735 7243 6555 5731 3438 1680 9402 1985 1662 4564 7017 3438 430 6258	1
3735 4206 7614 4206 6754 8399	0
3735 176 1648 2436 4316 6711	1
3735 4853 1521 5836	1
3735 4653 3214 1642 4796 2135 7229	0
3749 5031 4650 4302 4538	0
3735 7293 9378 7060	0
3749 8056 8583 7831	0
3735 3869 9038	2
3735 2039 3654 5760 8154 6213 4604 8661 2592	1
3735 5380 4350	1
3735 5292 4388 5320 3952 4388	0
3735 8731 8611	0
3735 4850 5846 4798 8543 636 5836	1
3735 4884 3894 3899	1
3735 3227 2289	1
3735 4317 4411 8916	1
1831 5771 8252 6445	0
3735 1259 1213 6287	1
3735 6072 3884 7401 1585 1655 1163 61	1
3735 7229 4194	0
3735 9078 4732 2039 3654	0
1831 5403 6270	0
3735 5462 8552	2
3735 4035	0
3735 2533 406 6818 1585 1485 9180	1
3735 3499 2743 9401	1
3735 7293 9378 1958	0
3735 1277 8552 5601 1280	2
1831 1858 1521 6819	0
3735 2317	0
3735 2458 2522 8338 3912	0
3735 4564 9074 4222	1
1831 6496 13	0
3735 5753 9027	1
3735 8450 1968 3455 6694	1
3735 7844 4831	1
3735 4850 2527 3330 4379	1
3735 5753 8905	1
3735 2106 3033 7749	1
3735 8152 5715 7703 321 6089	1
1831 357 486 9190 7272 3420 3496	0
3735 4850	0
3735 8196 9106	0
1831 1858 6757	0
3749 8414	0
3735 4439 5991 1289 4976 2451 3351 142	1
3735 7766 550	0
3735 7930 7817 4641	1
1831 6687 4505	0
3735 9155 4858 8675	1
3735 5499 8757 182	1
3735 1342 9378 6669	1
1831 1858 4868 4699 1858 5011 7750	0
1003 2897 3896	0
3749 4586 9325	0
2573 430 7025	1
3735 6340	0
1831 4492 9393	0
3735 7293 627 5697 4296	0
3735 7293 7408 8746	0
3735 5753 4915 4565	1
3749 7458 7833 5858	0
3735 5209 6187	0
3735 4645 4850 7499 5220 3552 2946 558 724 1302	0
3735 8619 8714	0
3749 7039 3438 8561 7348	0
1831 1858 6650 8850	0
3735 9122	0
1831 4744 9363 5655	0
1831 6770	0
3735 9078 6320 7996	1
1831 4725 4206 4726	0
3735 6092 8147	0
1831 5692 4285 9238 3760 4279 5508 7941 9353	0
3735 8430 5424 4086 2686 1054 1253 3384 3691 3479 125	1
3735 5514 5171 2644 7002 3065 4562 4565	1
3735 4051 3486 423 3502 6858	1
3735 2208 5841	1
3735 6995	1
3749 8416	0
3735 4050 5304 4459 7337 4618	1
3735 8807 7584 5252 4353 5205	1
3735 8635 9275 5817 4403	1
3735 5753 9388	1
2695 5847 1428 3842 4881 3985 7501 6293	1
3735 7027 837	0
3735 9184 5906 4022 3635	1
3735 6280 9388	0
3735 8394 2692 8741 8642	1
3735 7293 6941 8376 5160 8949	0
3735 3761 3398 4411 4363 7624 6633 8378 8006	1
2304 3948 8430 5424	1
3735 2930 8006 8709 2883	1
1831 4608 5308 7947 7093 6002	0
3735 4840 7177 6008	1
3735 4850 4429 3020 9346	1
3735 5961 5881	1
3749 8458 9012 7798 9261 3985	0
3735 5905 37	2
3735 4850 5101 3427 5836	1
3735 7373 6610 90 4676	1
3735 6336	0
1831 7431 7983 6343 6952	0
3735 1414 966 5369	1
3735 9078 4471 1626 1572 756	1
3735 1660 7504	0
3735 4954 5027 5325 6441 6399 5703	1
3735 3573 969	0
3735 5796 2034 2171	1
1831 6886 6203 8690	0
3486 7269 8757 8089 1860 6776 4565	1
3735 5635 6164 1975 253 203	1
3735 763 6459 8450 3298 1338 1377	1
3735 2772 796 7332	1
3735 1626 3099	0
3735 5753 8483	1
3735 8590 7655 5273	0
3735 5273	0
3735 4974 7723 328	0
3735 4053 8527	0
1888 5796 3370 3329 5369 8556 6794 4699 5369	1
3735 8344 5285	1
3735 7293 1880	0
3735 1406 2758 3339 2250	0
2983 920 7533 6439	1
3735 7061 3637 634 4876 4607 8511 4853	1
1831 7525 5880	0
3735 7014	0
3735 1864 8552 1997 5101	2
1831 8440 3095 1104	0
2477 7138	1
3749 5471 4670 4217	0
3735 6723 5595	0
3735 5292 4841 9107	0
3735 7525 4802	1
3735 7293 4164	0
3735 869 573 3450 1672 1162 3018 2037 1564 4884	0
3735 4850 5512 7543 4339	1
3735 9154 8565	1
1831 8567 5685	0
1831 1858 7917 9283 3814 5940	0
3735 7039 6995	1
3735 9199 1694	0
3735 3486 1577 3163	0
3735 4716 8873	0
1888 2464 2224 3438 4876 5081	1
3735 6409	0
3741 8250 4984 6663	1
3749 6206 7203 9012 5405 5742	0
3735 6146 4228 7175 5977 8982	1
3735 173 5796 9369 1504 3255 8706 3916 2712	1
3735 6605 8169	1
3735 6698 8210	0
3735 4175 7609 5058 2686 3731	1
3735 7723 328	0
3735 1542 8552	2
3735 1131 544 2011 645 7804 3151 2623 2227	1
1831 7380 5168	0
3735 9120 6651	0
3735 6190	0
3735 388 859 5800 6368 153	0
3735 6106 9150 4312 4565	1
3735 4282 8821 1647 6129	1
3735 6164 2500 2318	0
3735 5991 3369 2412 1308 1541 3048 7528 3486 962 2086	1
3735 4443	0
3735 2226 2981	1
3735 7971 4764 533	0
1831 1858 6387 4330 8361	0
1831 7781 7719 7714	0
3735 8415	0
3735 6171 8664 6310 4396	1
3735 187 2025 2134 2342 5796 5026 6	1
3735 4697 1283 8552	2
3735 5721 4947	0
3735 4769 5722 5887 5991 1484 5204 3718 3359 66 3196 260 159	0
3735 4021 3635	1
3735 6337	0
3735 6164 7582 3816 2235 1026	0
3735 8432 4396	1
3735 4897 7311 8470	0
3735 5743 4876 4195 4431 3594	1
3735 7897 4363 5934	0
3735 8091	0
3735 4778 3585 1041 4695 4020 4032	0
3735 1188 6176	0
3735 4888 8121 7226 9414	1
1831 4578 7484	0
3735 9250	0
3735 8039 7306 5482	1
3735 3065 7190	0
3735 7293 9378 6960	0
3740 8838 320	0
3735 2864	0
3735 5506 8562 4235	1
3735 1343 2011 1740 8213 2611 3804 4848 78	1
3735 5753 5957	1
3735 3869 6933	2
3749 7431 4569	0
3735 9025 2597	1
1831 7039 4385 8165	0
3735 5743 5824	1
1831 6345 7664	0
3735 7559 848 5497 2490	1
3735 3233 9401 3086	1
3735 5862 3670 3642 1624 7352	1
3486 5019 4567 4396	1
1480 7867 3214 1642 6620 5820 4796 2135 7229	0
3735 2075	0
3735 1939 5037 2991 1093	1
3735 5544 2018 3058	1
3735 5753 8964	1
3735 8984 3710 2994 5728	1
3749 2533 406 8640 8925 4239 4446 191	0
3735 5449 5380 4050	1
3735 8091	0
3735 8838 8688 6016 6866 7286	1
1831 4011 4769 4978 6384 8795 7767	0
3735 9041	0
1831 6323 5905	0
1182 1457 7061 7452 3131 4084	0
3735 3113 8552	2
3735 2527 2315 5853 3438 1582 1321	1
3735 4850 8747 9048	1
3735 7293 9378 8318	0
3735 5850	0
3735 5906 3635 6794 4900	1
3735 6555 848 2934 3438 8340 7497	1
3741 6206 33 5072 6949	1
1888 8522 8167	1
3735 4412 1475 7749	1
3741 4868 4411 8481 5317 7756 6780	1
1831 2756 9136	0
3735 4396 5019 4567	1
3735 993 1492 2765	0
3735 5971 4890 9261 8975 8232	0
3735 4456 5150	1
3735 5369 3166 1226	1
3735 6927 6464 815 2309 156	1
3735 7691 5402 7537 5402 5970	1
3741 6405 5331 6561 7431 9386	1
1831 1858 8911 5457 4802	0
3735 6164 2879	0
2573 2094 505 8744	1
3735 6810 2650 429 6742 8361	1
3735 2063 6484	0
3735 7293 9378 4174	0
3735 7293 9378 6782	0
3735 201 1165 3503 4795 6632 6587 6606	1
1831 9378 7781 7714	0
3735 7770 5046 6315 9416	1
1831 9341	0
3735 1342 9005 9378 4563	1
3735 4850 8747 9048	1
1831 5173 9286 7080	0
3735 2257 1069	0
2573 3203 3795 438 3804	1
3735 6439 2983 920 7532	1
3735 5331 531 9221 3711 5260 8489 8849 181	1
3735 8921 4501 5811 5815	1
3735 4607 1974 2023 2245 4540	1
3735 1216	0
1831 1858 4707 6985 9135 4898	0
2573 1939 5037 2991 1093	1
2573 5341 7852 5028 134 4674	1
3735 7885 5146 7970 5872 3899 7636 9368	0
1831 8620 5905	0
3735 5081 5003	1
3735 5753 8079	1
3735 3523 3377 1385	1
3735 7039 2303 2052 8556 1581 3755	1
2573 8618 4970 1301 3734 2686 2611 3835	1
3735 9157 7812 3533 5174 1501	1
1831 6688 9012	0
3735 429 7875 4756	1
3735 9184 5906 4022 3635	1
3735 5184	1
3735 5331 2065 1763 9214 8258	1
3749 9106 5839 8563 5680 8305 8503	0
3735 5387 7683 5582	0
3735 7951 4034 3585 1041 5179	0
3735 4658 1334 8387 8256 2548 2573 1934	0
3735 6816 5482	1
3735 4249 6818 667 2243 6463	1
3735 6164 1975 74 193	1
3735 176 1648 2436 4316 6711	1
3735 5529	1
3735 5915 5905 5009	1
3735 2692 7027	0
3735 3550	1
3735 5753 7022	1
3735 9226 1364 7178	1
3735 6070 2550 614	1
3735 6958 6555 9278 6194 175	1
3735 8838 260 7132 5498	0
3735 8450 8233 4799 8866 3486 2013 881 3234	1
3735 8229 9029 3804 3703 1861	1
3735 9079 9261 7569	1
1168 2814 987	0
3735 672 725 5369	1
3749 4564 6277	0
3735 5905 37	2
3735 7118 5991 9368 4028 4688 7872 3598 1106	1
1831 5021 9378 7781	0
3735 7275 5289 3923	1
3735 4886 6598 636	1
3735 4133 6444	0
3749 7577 4853	0
3735 6991	0
3735 6014 1858	1
3735 6605 8169	1
3735 6344	0
3735 4182 1501	0
3735 7232 6598 404	1
1831 4559 4694 5589 4714 7855	0
1831 4351 8250	0
1003 2897 5726	0
3735 5753 4277	1
1831 6770	0
3735 8224 3486 2500 576	1
3735 305 4756	0
3735 8830 8838 1521 9378 5507	1
3735 1692	2
3735 8224 407 377 3794	1
3735 5431 45 263 5766 206	1
3735 4351 5233	1
3735 6422 8840	0
3735 5671 5184 5598	0
3735 4481 5482	1
3749 9440 6464	0
3735 553	2
3735 6794 9154 9179	1
1888 2051 2437 6231 4202 7011	1
1831 9261 5472	0
3735 5796 5759 3227 2289 7725 1961 2185 7496	1
3735 3102 1179	0
3735 1615 1294	0
3735 951 3164	0
1831 5503 4932 7729 346	0
1831 1858 8018 7797	0
3735 5449 5380 4050	1
3735 9001	0
3735 5797 4835	0
1831 1858 6711 5752 5541 3927 6310 7980 5225 2380	0
3735 3665 3703	0
3735 6456 7522 6546	0
3735 7582 5905 4471	1
3735 670 3082 5726	0
3735 813 7701 6598	0
1831 5967 6418	0
3735 7293 9378 1958	0
3486 1999 4016	1
3735 7081 8931	1
3735 9164 8027 9441 9054	0
3735 4778 3585 1041 4695 4020 4032	0
3735 5795 6070 4224	0
3735 3438 8229 5759 2596 6851 3339 662	1
2573 287 6669 4016 2950 7953	1
3735 5771 4396 6586 8382 5880	0
3735 7319 7080 1265 8666 719	1
3735 2864	0
3735 2673 2985	0
3735 9113 402 4084 2026 2947	0
3735 5961 5881	1
3735 9345 3334	1
3735 4574 6142 4491	1
3735 6898	0
3735 9162 9028 2233 727	0
3735 6051 6270	0
3735 9357 6186	0
3735 6806 9357 4565	1
3735 5796 2034 2171	1
3735 5209 4630	0
3735 4564 8225 323	1
3735 4885 4954 8217	0
3735 4599 2394 3721	0
3735 7721 9358 2292	0
1888 3469 3762 7528 4701 6558 5270 6983 8566 4733	1
3735 2082 1064 7039 3260 1900	1
3735 7293 9378 7126	0
3735 303 4132 4964	1
3741 7016 4915 7700	1
3735 5795 6070 4224	0
3735 8838 1109 2871	1
3735 5949 7448 7022	0
3735 6883 1327	0
3735 8838 7351 9399 8752	1
3735 7293 9378 2726	0
3735 6750 5835 4734	1
3735 61 5173 954	0
3735 8481 8838 2443 412	1
1831 8951 7313	0
3735 8561	1
3749 3139 1198 8149 8238 4090 8652	0
3735 2687	0
3735 3438 8229 5760 3944 6847 5045 7080 2020 1991	1
3735 6929 5085 2884 4629	1
3735 4238	0
3735 7400 1356 1511 187	1
1831 1858 9401 1038	0
3735 4396 6115 6683	1
1831 8959 8625	0
1831 4499 8434 4607 8147 5673	0
3735 7202 5239	0
3735 4279 6263 5066 4399	0
3735 1027 6975 8570	0
3735 8320 3486 3712 871 9443 8746	1
3735 2247 1009	0
3735 3438 8572 2377 3029	1
3735 3817 1034 6629	1
3735 8189 6779 429	1
3735 7100	1
3735 3768 2969	0
1831 1858 5461 4076 9415	0
3749 7431 4569	0
2573 7039 3260 1900 8560 2082 1064	1
1831 7655	0
3735 6450 7819 4826 9378 6668 547	1
3735 8950 4442 7229 7039 480 224	1
3735 5796 5759 3227 2289 7725 1961 2185 7496	1
3735 4850 4445 2111 5796	1
3735 756 3139 2265 3017	1
3735 944 2381	0
3735 4850 5440 9345 8233 9153 8043 4746	1
3735 3925 2149 4506 6949	1
3735 5487	0
1831 5967 6418	0
3735 3438 8229 4695 7081 7728 6425	1
1831 8855 5208	0
3735 2317	0
3735 51 7514 1312	1
3735 4719 7310 7530 6649 7036	1
3735 6670	0
3735 190 4410 9052 4404 4155 7637 8917	1
3735 6717 4774 4671 8176 9019 6066 9390 303 40 7612	1
1831 6490 7553 6494	0
3735 7185 7683 8772 1689	0
3735 6893 8838 4585 4379	1
3735 7289 1033 9176 8424 4807 2939 3469 116	1
3735 5292 4775 3903 6124	0
3735 5331 7513 1373 381 510	1
3735 6883 1997	0
3749 7577 4853	0
3735 5369 1080 1961 4442	1
3735 6164 462	0
3735 5156 7384	0
3735 1272 1316 5751 4610 5991	1
3741 8250 5219 9225 8029 2130	1
3735 8103 6886 8916	1
3735 430 6717 5609 6381 131	1
3735 8430 5424 9184 5991 5759 2373 4868 4411	1
3735 1858 6090 8147	0
3735 2529 2474 2528 8552	2
3735 6450 8522 7295 4565 6322	1
3735 5435	0
3735 7293 9378 2356	0
3735 8838 6051 6270	0
3735 7293 9378 4144	0
3735 5178 7095	0
3735 4411 524 9188 2145 2334 1858 7079	1
3749 6511 9147 8994	0
3735 4396 5720 4141	0
3735 5753 9272	1
3735 8524 8801 785 3123	1
3735 1802 3099 369	0
3735 1954 3524 4411 5760 681 570 4673 4699	1
1831 9261 9022 8095 5424	0
3749 5523 4625 5506 7170 837	0
3735 5753 7221 4396	1
3735 6149 2729	0
3735 8916	0
3735 7766 3431 6547 4915 6548	0
823 3907	2
3735 6772 3278 887	0
3735 7618 9273 1661 2162 8030	0
3735 7293 9378 4031	0
3735 3045	0
3749 7303 5867	0
3735 2011 1783 6367 2007 1494	0
3735 8091	0
3735 8685 9046 6225 9277 164	1
1831 6330 5148	0
3735 3277	0
3735 5753 8463	1
3735 7293 8716 747	0
3735 5753 8255	1
3735 7691 6555 8329 7809	1
3735 8563 111 6066 5330 3417 2463	1
3735 1948 4564 1470	1
3735 3639 2918	0
3735 1567 2064 5726	0
3735 5292 7629 5902	0
3735 8514	0
3735 847 9076 4363	0
3735 250 4793 62 4793	0
3735 587 4821	1
2573 3132 2154 971 7132	1
3735 6072 3884 7401 1585 1655 1163 61	1
3735 7662 6598 2821	1
1831 5021 7713 7781	0
3735 6435 7039 695	1
3735 4050 4335 5699	1
3741 6648 4640 7036 6645 5959 6648 9234 33 6645 7865 7865 6648	1
3735 3972 7279	0
2573 8913 5693	1
3735 5796 4244 7528 1380 1016 3031	1
1831 2720 708	0
3735 5292 7580 7061 8046 8054	0
3735 1454 2156 9299 2611 3835	0
3735 490 5726	0
3735 4344 4828	0
3735 4105 8626	0
3735 3923 4780 6982 7686 4408 4735	1
3735 4203 2712 3949	1
3735 1972	0
3735 3438 2011 3181 8338 8866	1
1831 4531 4968 1634 1843 1875 1085 4893 4529	0
3735 4805 7686 7828	1
3735 692 1781 3308 1125 5726	0
3735 7582 5905 4471	1
3735 6342 5073 8184	1
3735 6810 2650 429 6742 8361	1
3735 1954 3524 4411 5760 1604 4673 4699	1
3735 876 1209	0
3735 4380	0
3735 1693 3065 7190	0
3735 5753	1
3735 5796 671 1147 5076 8138 9278 5158 7897 6084 8426 4219	1
3735 7691 5760 5956 5295 22	1
1831 7284 5389	0
3735 188 5796 6459 8450 2548 2091 3536	1
3735 3869 2705 1350 2346	2
3735 5424 9079 8084	1
3735 4142	1
3749 9106 5839 8563 5680 8305 8503	0
3735 848 2589 4065	0
3735 4607 5428 215 7933 3281 579	1
3749 4586 4382	0
3735 5753 4822 4565	1
3735 4098 5140 8306 2683	1
3739 8916 7932 4282 8555	1
3735 1971 1635	0
3735 5292 4207 45 4278 4079	0
3735 3438 8241 7945 4988	1
3735 5819	0
3735 8524 6779 6605 4758	1
3735 6450 4028 8524 8492 8813 176	1
3735 7039 3370 3329 5313 200	1
3735 3868 8838 2589 797 1922	2
3735 7293 3158	0
1831 9242 104 3957 1170	0
3735 8450 2771 2741 8241 7431 5154 170	1
3735 8382	0
3749 7006 8362 4853	0
3735 5292 4616 4615	0
3735 7341 8552	2
1831 8147 6834 2298 3484 2755	0
3735 5657	0
3735 8055 8905	0
3735 7293 6883 1699	0
3735 1342 9378	1
3735 4238	0
3735 6146 4228 7175 5977 8982	1
2573 9406 2011 3366	1
3735 1342 9005 9378 4563	1
3749 2453 3770 260 8672 4915 7700	0
3735 8838 5930 5791	1
3735 5331 9007 461 7013	1
3735 7721 9358 2292	0
3735 5209 6099 5251	0
3735 5726 1589 9378 1342 6598	1
3735 7487 7555	0
1831 5880 4850 3957 8790	0
3735 2423 1599 7039	1
3735 5292 6015 4023	0
1831 1858 8176 9378 9282	0
3749 453 4753 8515 3645	0
3735 6280 9388	0
3735 5753 4743	1
1831 3865	0
3749 9315 6702 7677 5888	0
3735 6405 5331 5176	1
3735 6670	0
3735 3675	1
3735 8295 8939	0
3735 8315 7524 8095 5203	1
3735 1618	0
3735 7293 4164	0
3735 8792 6310 5350	1
3735 3255 6259 5390 5390	1
3735 5155 8940 7360	1
3735 3879 5528 8690	1
3735 5971 2962	0
3735 5796 4589 4520 2798 4669 2757	1
3735 4331 4051	1
3735 6164 4766 1217 133	0
3735 7362	0
3735 4884 5529 1287 5109	1
3735 6331	0
3735 8632 6843 7635 9291 6751 9291 6686	1
3735 813 7701 6598	0
3735 5753 9368	1
1831 6937	0
1831 1858 8419 9283	0
3735 6156 2731	0
1831 4578 7484	0
3735 6886 1870 3625 3150 2198	1
3735 9242 3702 3039 7211	1
3741 7269 8757 8089 1860 6776	1
3735 7808 5471 7974 6497	1
3735 2477 4050	1
3735 7081 2600 2377 464	0
3735 3169 7431 5292	1
1831 1858 7465 1858 5541 3926	0
3735 5020 3867 4657 4430 4529 6668	2
3735 5753 4915 4565	1
3735 8524 7528 84 1342 972 3703 8916	1
3735 6378 4653 4592 8689 4937 1316 2084	0
3735 7039 8559 3210 3380 501 3162	1
3735 8524 8801 3781 566	1
3735 1858 4564 8454 5170 5052	1
3735 1978 4564 1977	1
3735 4738 9021	1
3735 7046 7047 8149	0
3735 942 5550 1342 8436 1637 7881 8237 7792 7868	1
3735 1939 5037 2991 1093	1
3735 2631 3443 8819 199	0
1831 9284 3814 1386 6995	0
3735 7039 8935 458 439 4769 3106 5143 5169	1
3735 5061	0
3735 6339	0
2573 5686 9037 4775 1660 7533	1
3741 625 5326 5053 6279 3062 3382	1
3735 9329 6599 2650 429	1
3735 7039 6995	1
3735 6164 7582 3816 2235 1026	0
3735 7069 660 3547	0
3735 3651 3011	0
3735 5726 5635 6164 2349 255	1
3735 9242 3702 3039 7211	1
3735 4050 4335 8893 6312	1
3735 6340	0
3735 6975 2627	1
3735 4622 8501 7420 7916	1
3735 6883 3685 3825 7544 3486 3502 1772	0
3735 4915 7986	0
3735 4157 7459 8772 1970 225	1
3735 9307 697 2765 6463 8176 7448 7022	1
3735 8012 6970	0
3735 5761 6384 8795	0
3735 1972	0
3735 7818	0
3735 6883 1997	0
3735 3220	0
3735 6344	0
3735 5490 6358 9101 5493	0
3735 4557 8422	0
3735 2075	0
2573 1549 6598	1
3735 7641 7065	0
3735 5121 7521	1
3735 1798 5369 5290 4121 1984 1720 154	1
3740 8080 8904	0
3735 3998 3486 625 5053 3512 191	1
3486 7582 8522 9386	1
3741 4647 7768 3571 2835 4626 4084	1
1831 4531 4968 1634 1843 1875 1085 4893 4529	0
3749 4564 6151 6151 6150	0
3735 7952 9223	0
3735 3438 7805 6645 3985 200 9057 3652 2274 3719 2421 383	1
3735 3700 1854 7946 7439 7039 3486 3544 3244 2305	1
3735 6883 824	0
3735 5490 6358 9101 5493	0
3735 6256 5635 217	1
1831 1858 6408 8017 6364	0
3735 1332	0
3735 303 7668 6639 1913 3008 2176 1868	1
3735 7711 4811 1346 1577 5583 2548 1618 6734	0
3735 5753 4285	1
3735 8430 5424 6208 4555	1
3735 7993 8581	1
3735 3486 1577 3163	0
3735 6273 7205 4660 1949	1
3735 8224 3486 2843 2754	1
3735 5753 5714	1
3735 4024	0
3749 7431 9117 7425 2448 5509	0
1831 357 486 9190 7272 3420 3496	0
3735 1606	0
3735 9113 402 4084 2026 2947	0
3735 5292 7629 5902	0
3735 9280	0
3749 7652 4996 8126 8916 6571	0
3735 4408 6848 9008 6885	0
3735 1667 6794 4883 5682	1
3735 827 3153	0
3735 7293 4766 1058 950	0
3735 5473	0
3749 4723 5101 8041	0
3735 5753 6142	1
3735 4853 7829	1
3735 9366 6137	1
3735 4886 6598 636	1
3735 9250	0
3735 3367 2094 8241 6101 7456	1
3735 464	0
3735 7424 5482	1
3735 1188 6176	0
3735 8943	0
3735 9137 4723 7619	1
3735 3869 1865 8552	2
3735 5460	0
3735 5745	0
3735 1602 3399 7266	1
3735 3858	0
3735 7993 8581	1
3749 5699 7897 7469	0
1831 8327 8163	0
3735 5798 5759 4699 2884 1241	1
3735 8213 4997	1
3735 5436 3245 1523 5737 5674 9023 7120	1
1831 1858 6387 4330 8361	0
3735 7605 225	0
1888 3714 336 1711 1267 6777 5891 6231 3966	0
3749 5583 6049 5230 150	0
3749 5288 1374 4846 8080 8531 6397 8010	0
3735 4130 6116 6966 9027	1
3735 6599 8517 3260 4565	1
3741 4461 4677 4487 7011	1
3735 6107 8216 3833 2099	0
1831 3926 942 7450	0
3735 8091	0
3735 337 8060 4282 5722 8552	2
3735 5261 5063 108 8937 5184 3585 934 2046 2011 2369	1
3741 6142 4613 7691 8935 6178 6103 9252	1
3735 5629	0
3735 4564 5765 5672	1
3735 5292 1953 2140	0
3735 2317	0
2034 2171 3910 5796	1
3735 3526 3788 4411 2433 4155	1
1831 1858 4766 1858 4826	0
1831 4781 4212 8788 4458	0
3735 7431 7655 5694 4351	0
1831 1858 5940 8806 1321 3647	0
3735 6668 3938 5836 3110	1
3735 3768 2969	0
3735 6258 8430 5424 2527 2829	0
3735 5753 7396 7203	1
3735 2552 5619 7392	0
3735 8664 5880 8790 5483	1
1831 5091 7888 1918	0
3735 208 852 655 689 7039 7943 165 2686 368	1
3735 5796 8560 2034 2171	1
3735 5081 5003	1
3735 5209 6760 6479	0
3735 3868 5685 2589 797 1922	2
1831 6473 5427	0
3735 3119 8552	2
3735 4035	0
3735 9053	0
3735 8913 3948 1532 1464 4677	1
3735 1535 17 2167 750 8671	0
1831 1858 7658 7290 5385	0
3735 5967 3993	1
3735 6258 9426	0
3735 6474 4607 7329 4564 6476 7334	1
3749 8414	0
1888 2082 1064 7039 3260 1900 7528 8052	1
3735 7123	0
2304 6266 8430 5424	1
3735 5753 5880	1
3735 4653 5360 454 3645	0
3735 6668 2048 9080 6548	1
3735 5008 4255	0
3735 6883 2168 4256 5110 371 4118 3921 4118	0
3735 7062 6439 3221 1799 7528	1
3735 1702 4853	1
3735 4650 6138 4383	1
2983 920 7532 6439	1
3735 5670 4607	1
1831 1858 5256 7822 5539	0
3735 6124 2002 1761 7528	1
2304 3948 8430 5424	1
3735 3129 9137 7655	1
3749 4586 4382	0
3735 353 1728 9401	1
1831 1329 2333 7069 3962	0
3735 4016 2168	1
3735 4024	0
824 3869	2
3735 8950 9154 5100	1
3735 4585 4885 346	1
3735 5753 4833	1
1831 6844 5905 6964	0
1831 1858 5461 4076 9415	0
1745 8555	0
3735 2145 2630	0
3735 646 880	1
3735 4577 4130	0
3735 5331 2065 1763 9214 8258	1
3735 4574 6142 4491	1
3735 1660 7191	0
1831 8816	0
3735 5495 8400 6586	1
3735 2930 8006 8709 2883	1
3735 3207 7528 5759 3238	1
1831 2720 708	0
3735 1966 1074 8280	1
3741 6779 5804 5588	1
3741 5436 4885 9021 346	1
3735 6564 4051 841	1
3735 5751 8522 3526 3788 3486 2941 1829 1559	1
3735 7409 6865	1
3735 6164 5372 133 7944	0
3735 7319 7080 1265 8666 719	1
3735 5880 2351 2877 6458 1949 5049 2127 2083	1
3735 5292 4841 6092 8147	0
1831 8855 5208	0
3735 8685 9046 6225 9277 164	1
3735 9275 7073 4699 475 7697	1
1831 6332 4404 7185 4404	0
3735 1885 1030	0
3735 4884 7521 4537 4596 5126 6032 8030	1
3735 4306 6760 7652 5602 4565	1
3735 2144 4453	0
3735 4317 8819 8460 8916	1
1831 1858 8562 4228	0
3735 2440 6144	0
3735 1400 4684 2613 2472 5195 3438 2396 322 185	0
3735 1003 2897	0
1831 8091 8547 4803	0
2573 8430 5424 8690	1
3741 9078 8428 4038 4556	1
3735 5347 7472 4702 483 6287	0
3735 4265 4507 6842	0
3735 7618 9273 1661 2162 8030	0
1831 1858 6515	0
3735 5606 8199	0
3735 1681	0
3735 1090 6899 3076 960 3347	1
3735 4153	0
1831 8766 3957 5847 6572	0
3735 4564 8225 323	1
3741 6010 4334 8880	1
3735 5906 6798 4900 3635	1
3735 1414 966 5369	1
3735 5264 8545 8740	1
3735 4850 8830 4224	1
3735 6810 6535	1
3735 9271 4408 4396	1
3735 4388 5991 9374 7528	1
2573 7269 8757 8089 1860 6776	1
3735 1968 2450 4411 8665 3318 3543 2997	1
3735 3869 6933	2
3735 1115 1047	0
3735 6164 2241 2349	0
1831 1858 7917 9283 3814 5940	0
3735 3281 3486 618 6939	1
1831 4069 8250	0
1831 1858 1521 6819	0
1831 3852 7439 6782 1118 4869	0
1831 4725 4206 4726	0
3735 8838 6008	1
3735 7293 739 1151	0
3735 7582 5905 5990 9368 2165 3646	1
3735 7050	0
3735 6258 785 4723 9347	0
3735 8195 4853	1
3735 5156 7384	0
3735 4456 6504 838 2102 3932 211 6452 4867 9278	1
1831 6332 4404 7185 4404	0
3735 8941	0
3740 8080 8904	0
1831 4850 7765	0
3735 8470 8316	1
3735 665 2917	0
2983 920 7533 6439	1
3735 8873 7786 6636 8335 8840	0
3735 9275 7073 4699 475 7697	1
3735 8627	0
3735 6187 8552	0
3741 6605 4793 5281 9355 1373	1
3735 7293 4384 4451 7499 6037	0
3735 3486 1570 1829 1559 7528	1
3735 1939 5608 2991 1093	1
3735 5146 7970 5872 3899 5667 7020	0
3735 9043 4204 9350 3407 737	1
3735 61 5173 954	0
3735 7369 4167	0
3735 8296 6739 5504 9096 5425	0
3735 1493 290 4891	0
1831 5597	0
3735 4714 7897 9345 6201 4396	1
3735 5753 8721	1
3735 5209 4630	0
3735 4279 6263 5066 4399	0
3735 1885 1030	0
3735 5875 1528 6495 6566	1
1831 7713 3581	0
3735 6605 8405	1
3735 382 4051 3486 678 1463	1
3735 1090 6899 3076 960 3347	1
3735 7293 4587 4588 954	0
3735 6069 6750 5303 8088 9261	1
3735 1968 2450 4411 8665 3318 3543 2997	1
3735 4750 4961 8750	1
3735 4963 3940	1
3735 5836 5846 3693 1940	1
1831 1858 5477 7946 7897 9345 8547 8760	0
3735 5221 8060 4583	0
3749 8305 7946 4279 8598 9068	0
3735 4050 6199	1
3735 8015 4956	1
3735 7039 8935 458 439 4769 3106 5143 5169	1
3735 7663 6586 7490 7365 6160	1
3735 5008 4255	0
3735 8838 7029 7654 9343	1
3735 4590 8455 7035	0
3735 2191 7266 5760 7705 4806	1
1831 3585 7600 5552 9231 3319 3703	0
3735 6981 6033 9165	1
3735 6559 9303 5290 3177 3804 5974 6404 7080	1
3735 2377 3577 2501 3234 7920 3441 3787 2114	1
1831 1858 616 558 6459	0
3735 6208 4555 8430 5424	1
3735 8830 8838 1521 9378 5507	1
3735 6688 8634 4396 9261	0
3735 1288 1591	1
3749 8056 847 6106	0
3735 2362 2014 7903 1858 6488 4267 3108	1
1831 1858 6734 1748 3585 1374 1019	0
1831 5451	0
3735 1712 353 2003 3374 1832 2049 3279 4884	0
3735 4411 1397 3171 1462 5290 1798 160	1
3735 1971 1635 5726	0
3735 2310	0
3735 9428	0
1831 8154 7626 9280 7207 4805	0
3735 2449 7357 6160 5808 8964	1
3735 6020 8838 8663 5955 4979	1
3735 8491 4248	0
3735 4051 6721 5880	1
3735 1858 6090 8147	0
1831 9090 6687 5149 1120 8370 4665	0
3735 7293 8716 747	0
3735 188 5796 6459 8450 2548 2091 3536	1
3735 7269 8757 1860 6776	1
3735 2165 3646	0
3735 6045 6312 7915	1
3735 3169 7431 5292	1
3749 5263 8470	0
3735 761 4891 8595 94 40 8942 8798 209	1
3735 5881 7732	1
3735 6332 4406	0
3740 8049	0
3735 2518 3359 2378	0
3735 4022	0
1831 4992 5886 5885	0
3735 1978 8147 9104	0
3735 6990 5865 8429 6784	1
2542 2983 920 7533 6439	1
3735 2449 8169 3126 2808 889 597	1
3735 4715 6667 6417	1
3735 1108 3694	0
1831 5947 3318	1
3735 9371	1
1888 7939 1937 7094 6062	1
3735 1342 7528 9406 5652 4733	1
3735 7460	0
3749 3139 1198 8149 8238 4090 8652	0
3735 4915 5992 3770 327 328	1
3735 8946 5087	1
3735 8952 3916 8680	1
1831 4540 8604	0
1831 5256 6205 7971	0
3735 6215 8655	1
3735 5293 206 216	0
3749 9091 4363	0
3735 7275 5289 3923	1
3735 6761 6671 430 6531	1
3735 8522 6281	1
3735 4396 5720 4141	0
3735 3869 2589 797 1922	2
3735 6395 8522 2823 1908 2823 2913 2041 71 210 8823 6259 58 5211	1
3735 8876 5603	0
3735 5348 3585 3413 1073 2046 3508 2369	0
3735 5881 9207 549	1
3735 2692 7027	0
3735 5460	0
3735 4653 1725 1826 5184	0
3735 7293 6406	0
3735 672 725 5369	1
1831 9341	0
1831 2173	0
3740 1897 2936	0
3735 4186	0
3735 8838 7286 6724	1
3735 5880 1660 6063 4565	1
3735 5760 382 5530 6604 1897 5530	0
3735 5753 5331	1
3735 8502 4837	1
3735 5753 6995	1
3735 8561	1
3735 6810 4854	1
3735 6599 3260	1
3735 6378 155 1589 2595 6540 5547 5200 6369 7273 9174 7616	1
3735 7293 4235	0
3735 7779 5339	0
3735 2189 3620 5183 3106 4605 659	1
2573 7070 7851 2678 4871	1
1831	0
3735 4850 2013 881 9279 8544	1
3735 5292 5747 5259	0
3735 7293 7175	0
1831 8766 3957 5847 6572	0
1831 5365 5274 4408 4585	0
3735 7691 3761 1818 5329 7686	1
3735 3618	0
3735 9242 7096 4256 6769 6701 857 3539 865	1
1831 1858 5541 3926	0
3735 8838 260 7132 5498	0
3735 250 4793 62 4793	0
3735 4678 8990 1326 8917	1
3735 2983 742 6352 6352	1
3735 5705 5758 3699 1205 8522 1205 5556 4011	0
514 4565	1
3735 256 8832 1342 6598	1
3735 6152 8790 8580	0
3735 2063 6484	0
3749 1313 8270 5698	0
3735 4653 3517 8345	0
3735 5753 5824	1
1831 4480 5013 4426	0
3735 7485 6512 7483 2490 2272 3454 8470	1
3735 3897 3028 2637	1
3735 5785 8522 5222 3761 632 7708 9401 8553 4411 8083	1
3735 4219 6260 5918 7557 4565	1
3735 5970 1079 2441 8811	0
3735 5753 6502	1
1831 9401 4411 7958	0
3735 1542 8552	2
3735 6598 8517 3260	1
3735 4850 906	1
1831 4069 8250	0
3735 3897 3028 2637	1
3735 5753 4833	1
1182 1457 7061 7452 3131 4084	0
3735 3281 3486 618 6939	1
3735 1660 7191	0
3735 3135 3313	1
3749 3595 5752 6776 3590 2566	0
3735 187 2025 2134 2342 5796 5026 6	1
3735 9242 4258 2761 615 692 3672	1
3735 4750 7121 4193 5331 4167 7732 8272 8722 7115 4665 4655 6091 6751 7037 4396	1
3735 5875 1528 6495 6566	1
3735 4884 5529 8183	1
3735 2202 872 4411 6459 1845 1264	1
3735 9345 3334	1
3735 5209 3174 9378 8759	0
3735 8838 7029 7654 9343	1
3735 5125	0
3735 3054 2350 7677 4446 4614	0
1831 6473 5427	0
3735 2003 3374 6463	1
3735 6486	0
3735 6599 8517 7092 380	1
3735 6106 9150 4312 4565	1
3735 3942 6156 4560	1
3735 2168 6385	1
3735 7676 2694 6779 4976 9089 9093 7794	1
3741 8897 8790 4495 33 3284 260 2543	1
3735 4050 6558 7431	1
3735 6904 7035 6160	1
3735 7776 4086 3585 2611 3835 3804 1163 239 138	1
3735 3804 3703 1858 4256 297 40 9042 6558 5171	1
1831 4337 4252 8686	0
3735 1660 7504	0
3735 5971 4088	0
3735 6450 7819 4826 9378 6668 547	1
3749 1902 4565 1902	0
3735 4243 5685 7095 8838 8282 8101 527 2736 2752 850	0
3735 2141	2
3735 551 8552	2
1831 1858 5982 3883 8537 8120	0
3735 847 9076 4363	0
3735 4713 4564 3486 2383 3326	1
3749 9307 5462 4607 8922 8509 7275 5315 8395	0
3735 763 7062 6435 905 1223 2958	1
3735 7288 8648 2611 1171 1903 1558 3994	1
1831 5528 4558 7080	0
3735 4850 2013 881 9279 8544	1
3735 5435	0
3735 6134	0
3735 7301	0
3735 8422 8973 7431 7431	1
1831 2180 1726 2715 7762 8026	0
3735 3651 3011	0
3735 6726 4931 1103	0
3740 4437	0
3735 5020 9228	1
3735 7691 2528 2690 7708	1
3735 5292 5747 5259	0
3749 6160 4833 7986 6481	0
3735 3802 411 4564 1978 5997 5796 5442 1342 4865	1
3735 6743 8819 8229	1
3735 5971 2962	0
3735 4317 8819 8460 8916	1
3735 8838 6695 5229 8037 5857 4656	1
1831 5104 7926 1889 8879 6411 5254	0
3735 382 4051 3486 678 1463	1
3735 837 4350	1
3735 5252 7640 4353 5205	1
3735 2449 4266 8322	1
3735 1351 2022 5182 1935 3773 5753	1
3735 7461 4837	1
3740 8838 5816	0
1831 7832 5067 4501 6239 4502	0
1949 6605 7688	1
1831 1982 2343 5289	0
3735 8807 7584 5252 4353 5205	1
3735 7112	0
3735 2735 8552	2
3735 8125	0
3735 4714 4910 586	1
3735 2556 8552	2
3735 4265 4284	1
3735 7588	0
3735 9078 5132 941	1
3735 4243 8801 5814	0
3735 4653 3930 252 4054 8239 3606 2590 1582 515	0
3735 5753 9261	1
3735 6779 5072 8369	1
3735 4411 7857 7431 6178 7857	1
3735 7766 3431 6547 4915 6548	0
3735 6904 7035 6160	1
3520 4556 8428 1858 5424	1
3735 1586 1834	0
1831 5880 4850 3957 8790	0
3735 7284 6480 2160	1
1831 1858 8979 5725 8061	0
3735 8242 2011 2174 870 336 3276 3536 1591	0
3735 8299 8451 7687	1
3741 6010 4334 8880	1
3735 4884 8370 4585 3585	1
3735 6605 9150 4554	0
1831 1858 4349	0
3741 7690 8501 33 5530 7034	1
3735 7525 5624	1
3735 4587 7693 6380 3407 3268 2778 807 2699	1
3735 4332 1044 756	1
3741 2082 1064 7039 6472 3260 1900	1
1831 3585 7600 5552 9231 3319 3703	0
1831 8950 1314 3535	0
3735 3676 2569 5760 2927 1842 6757 63 6035	1
3735 7419 6886	1
3735 4651	0
3735 3065 7190	0
3735 7293 8838 3486 766 3241 4441	0
3749 8690 8279 8295 8916 394	0
3735 1508 3076 7700 5490 7890 4565 1658 1180	1
3735 3998 3486 625 5053 3512 191	1
3749 2453 3770 260 8433 8672	0
3735 6611 3438 5760 2164 779 2426 3521 3375	1
3735 5292 7144 6580 5966	0
3735 8552 5601 1280	2
3735 6149 2729	0
3749 6342 5072 8692 4565 8692	0
3735 4850 4429 3020 9346	1
3735 3139 1503 2467 1722 6115 6887 248 6377 199	1
3735 378 5700 7007 3486 7811 8738 3275 8579 4432 9338	1
3735 7160 8522 3898 8496	1
1831 1858 8960 2446 2501 3058 2414	0
3735 9197 1866 3926	0
3735 3923 4780 6982 7686 4408 4735	1
3749 4756 8401 4232	0
3735 6898	0
3735 5753 7221 4396	1
1831 1290 3404 5257	0
3735 731 2123	0
3735 6752 7911 7545 2011 2468	1
3735 1509 2051 8295 8621 336 1070 1215	0
1831 4850 3957 7450 7745	0
3735 9078 4324 6287 7815	1
3735 5824 4936	1
3735 833	0
3735 1172 3137 6142	0
3735 5292 7606 7669	0
1831 4393 5851	0
3735 2808 699 7889 6286 2998 2290 7600 5269	1
3735 5424 8888	1
3735 6142 4850 1858 5053 6103	1
3735 4317 4411 8916	1
3735 9025 6087 2178 5836	1
3735 683	0
3749 6265 9194	0
3735 1858 1951 2175 8147	0
3735 7061 3637 634 4876 4607 8511 4853	1
3735 8433 7228 6468 816 5239	1
3735 8488 4854	1
3735 5753 7635	1
3735 303 3795 3804	1
3735 6020 8838 8663 5955 4979	1
3735 3804 3703 1858 4256 297 40 9042 6558 5171	1
3735 5927 5081 1053 3609 8655 4892 8470	1
1831 462 2107	0
3735 1947 6700 6249 212	1
1831 1858 2137 4610 3913 6280 4915 1696	0
3735 3868 5905 2589 797 1922	2
3735 4714 8746 7146	1
3735 8876 5603	0
3735 5292 6935 6934	0
1831 7284 5389	0
1831 8672 4123	0
1831 4379 4800	0
3735 2047	0
1831 7832 5067 4501 6239 4502	0
3735 3113 8552	2
3735 7293 9378 6782	0
3735 9378 4480 6046 8269 8049 5543 4668 8950 9236	1
3735 8838 6695 5229 8037 5857 4656	1
1831 5222	0
3735 4612 4509	1
3735 4045 4564 5529	1
1831 510	0
3735 5594 6407 7521 6017	0
3735 8413	0
3735 5753 6217	1
3735 7799 5476 7076 7564 4802	1
3735 3220	0
3735 2449 8169 3126 2808 889 597	1
3735 955 2364 3206 6717 4987 1342 6718	0
3735 5753 5977	1
3735 5246 1583 134 248	1
3735 6552 5482 6939 8126 4740	1
3735 7766 4064	0
3735 5322	0
3735 3869 2667 8552	2
3749 7216 8112 9261 5947 9261	0
3735 388 859 5800 6368 153	0
3735 4963 3940	1
3735 3665 3703	0
3735 1990	0
1831 4559 4694 5589 4714 7855	0
3735 4850 4717 9025 5863	1
2573 6896 4885 4855 346	1
3735 3706 768 4564 5848 5115	1
3735 5209 9357	0
3735 1798 5369 5290 4121 1984 1720 154	1
2573 7691 4989 8033 4090	1
3735 5753 5112 6046	1
3735 4850	0
1831 229 2168	1
3735 7867 7387 453 3645 4754	0
1831 7829 5905	0
1831 1399 3972	0
3740 8838 5816	0
1831 1858 7259 8498	0
3735 7293 6941 8376 5160 8949	0
3735 6210	0
3749 5523 4625 5506 7170 837	0
3735 7196 6856	1
3735 5331 9007 461 7013	1
1831 5569 5075	0
3735 7776 4086 3585 2611 3835 3804 1163 239 138	1
3735 8774 7007 1746	1
3735 3119 8552	2
1831 1858 6367 6130	0
3735 9029 4565 3804 3703 1861	1
3735 5526 5267 7686 9206 5340 5523 8321	1
3735 8819 8560 2060 2307 3139 1503 8925	1
3735 9378	1
3735 3596 7589 4915	2
3735 8992 4287 4766 1217 133	1
3749 5471 4670 4217	0
1831 8153 4560	0
3735 6135 5019	0
3735 3817 1034 6629	1
3735 1567 2064 5726	0
1831 8226 5260 6642 3105	0
1831 1858 5967 4470 7896 7132	0
3735 9120 6651	0
3741 7693 8913 8746	1
3735 9078 5880 5745	1
3735 4411 1397 3171 1462 5290 1798 160	1
3735 6258 9426	0
3735 5271	0
3735 3334	0
3735 5753 7966	1
1831 4492 9393	0
1831 9159 6776 5375 45 287	0
3735 5099 5714 4653 1930 1415	1
1831 1858 6757 8862	0
3735 7196 6856	1
1831 462 2107	0
3735 8989 5424 2079 1181	1
3735 7450 4959 8734 6160 5766	0
3735 7293 7175	0
3735 5681 6981 4703 8687 8113	1
3735 4884 5529 8183	1
3735 8320 6757 6863 6285 8320	1
3735 3191 1442	0
1831 5167 1815 6037	0
3735 1865 3869	2
3735 5796 5798 2034 2171 4086	1
3735 554	2
3735 8697 4224	1
3735 4610 5991 9148 4565 854 2103 3327	1
3735 6953 4497	0
3735 5271	0
3735 1452 1497 7900 8524	1
3735 4850 4636 9238 2124	1
1831 1329 2333 7069 3962	0
3735 9371	1
3735 3965 9021 6464 140 1585 2043 7165 5710 2246 449	1
3735 6171 8664	1
1831 5005	0
3735 8488 7000 5796 1980	1
3735 4456 6601 4915	1
2573 3203 3795 438 3804	1
3735 1039 4964 4565	1
1831 1582 2465 6823 924	0
3749 9368 8232 2593 4388 8662	0
3735 944 2381	0
3735 7293 7735 336 8601 8916 8128	0
3735 554	2
3735 9242 7096 4256 6769 6701 857 3539 865	1
3735 5771 7808 4565	1
3735 7039 2303 2052 8556 1581 3755	1
3741 7036 4719	1
3735 6010 4011 9222 2130	1
1888 2082 1064 7039 3260 1900 7528 8052	1
3735 4051 8602 6840	1
3735 2961 8552 8046 2961	2
3735 7034 5739 8708	0
3735 6046	1
3735 5635 6164 1975 253 203	1
3735 5753 7379	1
3740 6142 6115 5743	1
3735 5396 6668	0
3735 4051 6721 5880	1
3735 8838 6008	1
3735 7215 6700 4522 8117 1811 2112 6167	1
3735 5753 5880	1
3735 4219 5991 7529 6876	1
3735 3968 765 384	1
1831 1858 5028 7832 4206 7004	0
3735 4229	0
3735 4677 8408 5064 7580	1
3735 2529 2474 2528 8552	2
3735 7899 4708 4387	0
3735 5481 5035 4103 5824 6590	1
3739 7859 4777 3939 1281 8552	2
1831 8816	0
3735 5705 5758 9083 293 6145	0
3735 4715 6053	1
3741 5436 4885 9021 346	1
3486 7269 8757 8089 1860 6776 4565	1
3735 6158 7972 6448 9248 9289	1
3735 91 545 4159 7774 8074 4219 8030	1
2573 5686 9037 4775 1660 7533	1
3735 6164 2500 2318	0
3735 7799 5476 7076 7564 4802	1
2573 7039 3260 1900 8560 2082 1064	1
3749 9315 6702 7677 5888	0
3735 9078 5658 4523 4570	1
3735 4885 45 6668 9378 1342 6598	1
3735 265 3062 3049 4282 4426	0
3735 8522 6281	1
3735 3129 9137 7655	1
3735 6258 6143	0
3735 1145 2197 5369	1
1831 7713 3581	0
1182 2241 2349	0
3735 8186	0
3735 9023 5230	1
3735 8844 8171 2013 1823 8338	1
3735 4667 8746 6683	1
3735 5146 7132 4784 3595	1
3735 5292 6142 5977	0
3735 1618 5074 8221 674	1
3735 6889 1510 654 8754	1
3735 5209 4692 5793 7861 5622	0
1831 4781 2139 6996 8162	0
3735 555 8552	2
3735 5971 4890 9261 8975 8232	0
3735 3122	2
3735 5347 7472 4702 483 6287	0
3735 1999 4016	1
3735 2658 4358	1
3735 5753 4850	1
3735 5753 9272	1
1831 4494	0
3735 4282 8821 1647 6129	1
3735 5753	1
3735 3869 1582 2516	2
3735 3212	0
3735 7293 8046 4225 2179 3856	0
1745 8555	0
3735 430 6717 5609 6381 131	1
3735 833	0
3735 7409 6865	1
3735 6598 8517 3260	1
3741 2082 1064 7039 6472 3260 1900	1
3735 6599 8517 7092 380	1
3735 5565	0
3735 6893 4928 6338	0
3735 8012 6970	0
3735 4050 7214 3329 1980	1
3735 5209 4659	0
3735 4884 8370 4585 3585	1
3735 6002 7933 5634	0
1831 1858 7917 8982 2650 867	0
3735 3869 6697 7389	2
3735 6106 4397	0
1831 8091 8547 4803	0
3735 8450 1243 7533 7284	1
3735 9055 6832	0
3735 4327 6883 8610	0
3735 6605 9261 4950 7702 941	1
3735 8320 6757 6863 6285 8320	1
3749 6788 4178	0
3735 6283	0
3735 5366 2905 444 2014 5010 6189 4519	1
3735 2042 4358	0
3735 9242 2894 1034 5875	1
3735 5292 6892	0
1831 4845	0
3741 6879 7904 7861 6879	1
3735 5796 5414 3168 6998 9028	1
3735 6256 9029 3804 3703 1861 4565	1
3735 4884 1978 5456 9025	1
3735 4142	1
3740 8838 320	0
1567 2064 7533 5991	1
3735 91 545 4159 7774 8074 4219 8030	1
1480 7867 3139 1198 8149 8238 4090	0
3735 344	2
3735 3628 2038 8391 8791	0
3735 8430 5424 3941	1
1831 229 2168	1
1831 7686 9208	0
3735 5331 531 9221 3711 5260 8489 8849 181	1
3735 4050 3776 2880	1
1831 3459 3076 1401	0
3735 6258 3320 3065 8378 6043	0
3735 8873 5607	0
3735 6794 9154 9179	1
1831 1858 6384 8795 7348 3290 3185 6384 224 6384 8795	0
1831 3926 942 7450	0
3735 7581 7580	0
3735 6816 5482	1
3735 6142 8656 4565 6948 7894 7872	0
3735 5221 8060 4583	0
3735 4774 5209 8993 6231	0
1831 1858 1278 3926 1918	0
3735 946 946 922	0
3735 4564 4411 7807	1
3735 6142 8656 4565 6948 7894 7872	0
3735 683	0
3735 8844 8171 2013 1823 8338	1
3735 8522 6281	1
3735 4050 6199	1
3735 6810 6535	1
3735 4883 8298 6605 8341 5708 6543 2650 430 4625 8042 3804 3703 1861	1
3735 7295 5208 49 5345 5602 2871	1
3735 4683 4250 5753	1
3735 4045 4564 5529	1
3735 5484 9133 6157 6555	1
3749 3103 241 4565 241	0
3735 7400 1356 1511 187	1
3735 3438 4751 6724 2069 1800 1038 1614 2505	1
1831 4968 7528 7689 7709 7247	0
3735 4850 2869 4737 4150 6761	1
3735 5914 3251 770 574 931 6429 4213 4414 4529	1
2573 7070 7851 2678 4871	1
3735 5753 4363 7431	1
3749 6945 292 5766	0
3735 5499 4161 8996 2562	1
3735 8522 8818 3585	1
3735 6378 4653 4592 8689 4937 1316 2084	0
3735 5431 45 263 5766 206	1
3735 5258 7413	1
2573 3260 6598	1
1831 1653 1930	1
3735 729 2768 4411 8435 287 40 5006 5781 4316 179	1
3735 1195 336 954 866	0
3735 7293 8838 4496 9347 6915 6491 4242 7087 4723 9347 8506 8124	0
3735 7027 2435 2427 4629	0
3749 4724	0
3735 6889 1510 654 8754	1
1831 5403 6270	0
3735 2991 2855	0
1831 710 2363 5289	0
3735 2732	2
3735 7582 4968 6660 4850	1
3735 484 2660 45 51	0
3776 2880 4050	1
3735 7288 8648 2611 1171 1903 1558 3994	1
3735 7820 5880	1
3735 756 3139 2265 3017	1
3735 2518 3359 2378	0
3735 7554 7540	1
3735 4190 7811 3753 2995 9338 8917	1
3735 4411 353 1728 9401	1
3749 430 8437 3688 4565 1236	0
3735 6849 6498	0
3735 4396 8285 4833 8824	0
3735 8874 4169 5535 7661 8161	1
1831 6166	0
3735 4309 8147	0
3749 7880 4412 7884 8564 4833 9261 4400	0
3749 6100 6106	0
3735 7193 8013 3050 558	0
3735 5971 6275 5663 7286	0
3749 3710 1118 7295 4565 1207 1011	0
3735 9197 1866 3926	0
3735 1660 9378 7563 2469	0
3735 5025	0
1831 8020 9375	0
3735 8619 9265 1978	0
3735 3639 2918	0
3735 4823 4923 9314 8735 9165	1
1831 7743 5323	0
3735 8471 7529	0
3735 2507	0
1831 1858 616 558 6459	0
3735 2035 3085 5796 8560 1192 2071	1
3735 7081 444 952	0
3735 5962 3826 3542	1
3735 1490 2109 9141	1
3735 4050 5304 4459 7337 4618	1
3749 8790 4833	0
1831 8153 4560	0
2304 6266 8430 5424	1
3735 5161 7108 6287 8599	1
3735 430 8280 8694 6962 1730 6167 4655 3319 9242	1
3735 3252 3251 5825 7020 7349	1
3735 7897 5836 4190 7815	0
3735 3919 1498 428	0
1888 343 331 8456 4661 5754	1
1831 4721 4464 6430 5507	0
3735 8522 948 2010 8950 7530	1
3735 7293 5993 8923	0
3735 4098 5140 8306 2683	1
3735 4481 5482	1
3735 7293 9378 8781	0
3740 8838 301	0
3735 1083 7530 4565	1
3735 6435 7039 695	1
3735 4792 8219	0
1831 7796	0
1831 6490 7553 6494	0
3735 5044 5174 7548 1521 4444	0
3735 8522 7529 6605 5785	1
3735 5657	0
3735 761 3438 8229 6435 408 1414	1
3735 6889 4904 8735 7607 7415 3438 5306	1
1831 4796 5051 1508 1113 3490 3076	0
3735 1847 9378 7432	1
3735 8783	0
3735 2565 2665 7632 1930 8717	2
3735 4999 7237 5014 6074	1
1831 4379 4800	0
3735 2375 770 7039 4671 8607 7357	1
3735 9079 7526	1
3735 4868 8637 5760 6793 7080 622	1
3735 3438 5991 4977 3932 7479 8931 8310	1
3735 7693 7455	1
3735 5267 7737 6712 7061 187	1
3735 5209 4692 5793 7861 5622	0
3735 7893 6452 8807	0
3735 5992 2634 300	1
3735 7281 5290 5974 6404	1
3735 5292 4775 3903 6124	0
1831 7431 7983 6343 6952	0
3735 5209 8838 9276 8757	0
3735 6312 4643 9447 5332	1
1831 1858 4968 4062	0
3735 4564 9074 4222	1
3735 2011 814 836 1762 978	1
1831 4891 5137 7373 8881	0
3735 2631 1892 2571	0
3735 2639 45 6559 6398 5041	1
3735 7293 3585 500 8227 8639	0
3735 972 3703	0
3735 7081 444 952	0
3735 3367 3300 4220 3725 9419	1
3735 7293 9378 9035	0
3735 6688 8634 4396 9261	0
3749 6788 4178	0
3735 5753 8255	1
3735 8522 8257 5846	1
3735 7300	0
3735 1411 2500	0
3735 6210	0
3735 4563 1342	0
3735 4332 1044 756	1
3735 7554 7540	1
1831 642 6683 627 623	0
3735 5271	0
3735 5771 5037 1318 2633 5001 8824 5440 9280	1
3735 8950 4442 7229 7039 480 224	1
3749 9367 9196 7192	0
3735 6068	0
1831 4329	0
1831 6496 13	0
3735 2234 2271 640	0
3735 1858 7946 8649 6127 6583 5335	1
3735 2636 5359	0
3735 2133 3261 3199 2549	0
3735 6817 5459	0
3735 5292 4070 7895	0
3735 1343 2011 1740 8213 2611 3804 4848 78	1
3735 7293 9378 4031	0
1831 4493 4619	0
3749 9367 9196 7192	0
3735 8403 8552	2
3735 4769 5722 9368 5908 2058 418 3495	0
3735 8450 2771 2741 8241 7431 5154 170	1
3735 3526 3788 4411 2433 4155	1
1831 3292 5289	0
3735 2999	1
3735 6662	0
3735 5371	0
3735 6794 6412 9427	1
3735 7293 4766 1058 950	0
3735 2234 2271 640	0
3735 3114	2
3735 6215 8655	1
3735 9081 5778	0
1831 7882 4059	0
3735 6893 7767 4791	0
3735 4610 5991 5232 4352 3106 3743	1
3735 7628 4850 3439 6582	1
3735 1157 2333 1710	0
3735 3585 2593 6335	1
3735 1966 1074 8280	1
3735 7582 8451 9079 8451 143	1
3735 6886 1870 3625 3150 2198	1
3735 9079 7510	1
3735 8394 2692 8741 8642	1
3735 1342 9378 5908 8070 6669 9080	1
3735 5991 1567 2064	1
3735 3761 2324 3480 5796 3352 2128	1
3735 5910 6066 7211	1
3735 5097 8728 2808 2751	1
1831 1858 6367 6130	0
3735 8488 3776 2880	1
3735 402	0
3735 4384 7905 6939 8041	0
3735 6764 7080 5726 430 5845	1
3735 4051 3486 423 3502 6858	1
3735 678 769 9259	1
3735 7582 8451 9079 8451 143	1
3741 7690 8501 33 5530 7034	1
3735 731 2123	0
3735 4282 8048 429	1
3735 4563 1342	0
3735 1357 1758 8925 1446	1
3735 3438 8229 5759 2596 6851 3339 662	1
2573 8913 5693	1
3486 1999 4016 4565	1
3735 4564 4411 7807	1
3735 6171 8664	1
3735 9078 4324 6287 7815	1
3735 5081 8140 7431 5796 1980	1
3735 1027 6975 8570	0
3735 6304 5706 5851 4219 4221 7321 9052	1
3735 7293 9378 7129	0
3735 5753 8644 6687	1
3735 4716 8873	0
3735 6782 2338 5553	1
3735 6649 8029 4195 7960 837	0
1831 1858 7465 1858 8162	0
3735 4411 1794 892	1
524 954 8916 8989 6978	1
3735 1805 5596 4752 5635 3553 3708	1
3735 8038 3889 4760 7128 4420 2033 4565	1
3735 7437 8832	0
3735 190 4410 9052 4404 4155 7637 8917	1
3735 4077 3871 4048	0
3735 5753 4850	1
3735 5047	0
3735 7320 5753	1
3735 1119	2
3735 8746 9443 8320 1580	1
1831 5167 1815 6037	0
3749 6707 4565 2094 2044	0
3735 5668 7029 4788	1
3749 4564 5976 4408	0
3735 4769 5722 2094 843 1603	0
3735 4750 7121 4193 5331 4167 7732 8272 8722 7115 4665 4655 6091 6751 7037 4396	1
3735 6794 7867 5523 9157 7582 7184	0
3735 3731 1897 8585 4227 6440	1
3735 434 7939	0
3735 8458	0
3735 4792 8219	0
3735 8984 3710 2994 5728	1
3735 7293 9378 4174	0
1831 4329 9108 4187	0
3749 1762 1483 4195 4566 2481 3432 9078 4195 6459 149 4565 2481 336	0
3735 942 5550 1342 8436 1637 7881 8237 7792 7868	1
1831 1062 990 825	0
3735 8315 7524 8095 5203	1
3735 4853 6421 7669 3585 5375 4338	1
3735 5280 4757 4629 4565	1
3735 8229 9029 3804 3703 1861	1
3735 139 5796 6111 7	1
1831 2775 3222 9012 8916	0
3735 3705 9277 5896 2373 4869	1
3735 313 820 2567 3631 3437 3630 2566 2733 2565	1
3735 7027 740 3173	0
3735 4853 1521 5836	1
1831 6886 6203 8690	0
3735 5292 6892	0
3735 8522 980 894 7528	1
3486 7582 8522 9386	1
3735 6046	1
3735 9253 9213	0
3735 6611 3438 5760 2164 779 2426 3521 3375	1
3735 2561	2
3735 1835 2240	0
2573 5796 2034 2171 3910	1
3735 5297	0
3735 5282 6765 4815 4884	0
3740 6310 8370 8219	1
3735 6450 7819 4826 9378 6668 1396	1
3735 1318 2633 8478	1
3735 5348 1355 3352 1562 3486 879 3474 3579	0
3735 5753 6427	1
3735 1282 8552	2
1831 7353	0
1831 1858 8911 8911	0
1831 7882 4059	0
3735 5753 8382	1
3735 5994 5268 5442 2477 6833 2429 5382	1
3735 4850 6709 740 1585 9267 6708 2240 2299 3567	1
3735 1681	0
3735 6883 3592	0
3735 3419 2759 5468 3 41 170	0
3735 2165 3646 4366 5180 7854 81	0
3735 1917 2172 3470 907 3555 4565	1
3735 3293 6929	0
2575 4412 1968 339 2450 8241 6732	1
3749 6131 8456 4976 7794 4061 9352 7676	0
3735 7835 5110 430 8008	0
3735 763 6459 8450 3298 1338 1377	1
3735 4282 3947 8031	1
3735 8450 3344 1751 2179 3856	0
3735 2565 2665 7632 1930 8717	2
3735 2963 8552	2
3735 8913 3948 1532 1464 4677	1
3735 2377 3577 2501 3234 7920 3441 3787 2114	1
3735 6893 4928 6338	0
3735 2011 3366 7594 2005 5725 5428 2685 5455	1
3735 6668 4087 4834 8784 3316	1
3735 6669 6161 4042	0
3735 231 7201 4565	1
3735 7293 8838 4384 7006 7211	0
3735 8908	0
3735 173 5796 9369 1504 3255 8706 3916 2712	1
3735 495 2696 9413	1
3735 5292 7277 5296 9184	0
3735 7376	0
3735 4850 4445 2111 5796	1
3735 7628 4850 3439 6582	1
3735 3869 4893 1582 2516	2
3735 8838 5235 9378 9124 7887 6718	1
3735 4908 7571	1
3735 9422 6141 8797 2306	0
3735 1939 5037 2991 1093	1
3735 4884 3983 4643 2650 2871	1
3735 6669 1116 8552 3710 1116	2
3735 7094 6639	0
3735 4411 8665 3486 2904 1427 2965 3395 2207	1
3735 45 229 273 1242 2795 4429	0
3735 5793 5689 38	1
3735 4773 4051 9077 8488	1
3735 5991 4388 8842 1931 3815 2055	1
3735 4050 6558 7431	1
3749 6265 9194	0
3735 533 1151	0
3735 4610 5991 5758 5180 4742	1
3735 2226 2981 5369	1
3735 8552 5601 1280	2
3735 4396 5019 4567	1
3735 7293 9378 8781	0
3735 3438 8229 4104 8143 8301 3249 3332 1471	1
3749 4586 9325	0
3735 5753 6678	1
3735 1508 3076 7700 5490 7890 4565 1658 1180	1
3735 5489 7135	0
3735 2735 8552	2
3735 1366 509 1795 3823 206	1
3735 1948 4564 1470	1
1831 4891 5137 7373 8881	0
1831 4845	0
3735 9280 7006	0
3735 2011 3366 9016 4892 921	1
3735 5753 7760	1
1831 4442 8995 4640	0
3735 1865 8552	2
3735 4456 4714 5150	1
3735 8261 7656 5494 8185 7742	1
1888 2692 1557 2570 1013 7582	1
3735 993 1492 2765	0
3735 4660 1430 90	1
3735 7293 3158	0
3735 6635 6201 9144	0
3735 4051 3910 6602 430 4848 4753	1
3735 3869 5138	2
3735 3869 4893 1582 2516	2
1831 1858 6757 6599	1
3735 8563 111 6066 5330 3417 2463	1
3749 1762 1483 4195 4566 2481 3432 9078 4195 6459 149 4565 2481 336	0
3735 5083 4610 5760 4675	1
3735 4653 2273 5856	0
2695 3435 3526 3473	1
3735 7617 4610 1371	1
3735 9378 7214 280 245 8917 674	1
3735 7691 6840 6236 5705 8141	1
3741 6598	1
3735 5981 7039 9021 6459 430 4848 83 2591 431	1
3735 1342 9378 5908 8070 6669 9080	1
3735 6256 5634 6164 1217 133	1
1831 5520 2883 4057	0
3735 6929 4565 4833 5980 5074	1
3735 5753 8964	1
3735 4411 2686 3476	1
3735 62 4833 6896 5911 297 297 61 3939	1
823 3869	2
1831 1483 1293 9146 1398 3629 5571	0
3735 4653 1725 1826 5184	0
3735 2308 3731 3804 3703 1861 4259	0
3735 1172 3137 6142	0
3735 2703 503 740 3173	0
3741 7269 8757 8089 1860 6776	1
3735 8992 8647 4766 1217 133	1
1480 7867 3139 1198 8149 8238 4090	0
3735 7667 4951 5569 6366	1
3735 7459 5665 7857 7003 7748 3486 679 2612	1
1831 710 2363 5289	0
1831 1858 6757 6599	1
3735 6883 824	0
1831 1858 8979 5725 8061	0
3735 337 8060 4282 5722 8552	2
3735 5994 5268 5442 2477 6833 2429 5382	1
1831 1858 4694 5793 350 5793 1959 690 5793	0
3735 5797 4835	0
3735 1979	0
3735 1521 4564 2145 2335	1
3735 5753 9261	1
3735 9378 1342 6598	1
2573 3132 2154 971 7132	1
3749 4803 6583 3623 7162 4369	0
1831 1858 4968 4062	0
3735 6331	0
3735 7930 7817 4641	1
3735 3132 2154 971 7132	1
3735 8349 8280 2692	1
3735 3124	0
3735 4884 6930 7921 6999	1
3735 5366 2905 444 2014 5010 6189 4519	1
3741 4868 4411 8481 5317 7756 6780	1
3735 761 4891 8595 94 40 8942 8798 209	1
3735 4733 8774 1014 963 6268 8366 9376	1
3735 7293 9378 7060	0
1831 3438 8426	0
3735 275 2048 7516	0
3735 5705 5758 9083 293 6145	0
3735 7229 4194	0
3735 1667 6794 4883 5682	1
3735 5239 8280 3517	0
3735 8941	0
3735 8780 7485 4720	1
3735 8430 5424 9184 5991 5759 2373 4868 4411	1
3735 1692	2
3735 4805 7686 7828	1
3735 6817 5459	0
3735 4243 8801 5814	0
1831 6687 9012 9216 8470 6897 9265 7757	0
3735 490 5726	0
1888 4411 1858 8621 391	1
3735 9078 7441 1882 1065	1
3735 6598 8517 749	1
3735 7521 8084	1
3735 6927 3206 9405 3520 7795	1
3735 2284 8552	2
1831 9401 5020 5094 4041 7544	0
3735 3585 6822 8470 7700	1
3735 4396 8285 4833 8824	0
3749 9091 4363	0
3735 378 5700 7007 3486 7811 8738 3275 8579 4432 9338	1
3735 4850 491 5934 9353	1
3735 7464 5753	1
3735 7617 6936	1
3735 6991	0
1831 4781 4553	0
3735 3869 346 8552	2
3735 9078 6320 7996	1
3735 512	0
3735 5753 5321	1
3735 641 365 8119 8984	1
3735 5630	0
3735 7681 4565 5422 6270 8372 3895 4947	1
2573 7691 6109 5809	1
3735 2011 1397 2077 4386 7229	0
3741 4927 8435 7400 6896	1
3735 8109 4956	1
1831 1858 4217 8424 8200 3891	0
3486 9029 3804 3703 1861	1
3735 8977 8382	1
3486 9029 3804 3703 1861	1
3735 5991 1567 2064	1
3735 6798 7940 1896	1
3735 5726 4256 3479 2441	1
3735 4844 6962	1
3735 5292 6015 4023	0
3735 6990 5865 8429 6784	1
3735 4884 5377	0
3735 6717 5095	0
3735 5981 7039 9021 6459 430 4848 83 2591 431	1
3735 1108 3694	0
1831 5520 2883 4057	0
1831 5020 7781	0
3735 7885 5146 7970 5872 3899 7636 9368	0
3735 1460 3804 5042	0
3735 3589 8552	2
3735 434 7939	0
3735 4047 2954 3660 4353 8247 4730 112	1
3735 5528 2802 3440 6002 8438 6710	1
3735 4683 4250 5753	1
3735 2813 4893 6823	1
3735 7811 45 69 6947	1
3735 5792 7961 1290 1940	0
3741 4440 5707 269 8515 6259 261 7248 6645	1
1831 5451	0
1831 4781 4553	0
1831 1858 8563 9405 8819	0
3735 7671 6687	0
1528 9053 8589	0
3735 3869 5138	2
3735 1003 2897	0
3735 5061	0
1831 1858 4209 7151 4607 8591	0
3735 7320 5753	1
3735 8753 4142	1
3735 8488 7000 5796 1980	1
3735 3191 1442	0
3735 5991 1567 2064 7528	1
3735 249 2011 1548 1349 182	1
3735 3907 7849 8757 3985 4929 5505	2
3749 8690 8279 8295 8916 394	0
3735 8514	0
1831 6230 5062 7965	0
3735 1967 4454	0
3735 9023 5230	1
3735 7232 4050 847	1
3735 1602 3399 7266	1
3735 3353 3708 8121	0
3735 1123	2
3735 9164 8027 9441 9054	0
3735 6995	1
3735 7424 5482	1
3735 8632 6843 7635 9291 6751 9291 6686	1
3735 3868 5905 2589 797 1922	2
336 5012	1
1831 5091 7888 1918	0
2573 4845 8171	1
1831 6863 8424 8200	0
3735 1695	2
3735 4421 7503	0
1831 5528 8646 7764	0
3735 4408 6848 9008	0
3735 2310	0
1831 5761 3972	0
3735 7691 3045 1040 5157 7431 6576 8304	1
1831 1858 5982 3883 8537 8120	0
3735 5950 6349 5953	0
3749 1971 1635 5726	0
3735 5753 6046	1
3735 7762 6683 6441	1
1609 7867 430 1900 7235 5432 8147	0
3735 4190 7811 3753 2995 9338 8917	1
1831 5296 4184	0
3749 6181 6306 7582	0
3735 5506 8562 4235	1
3735 8430 5424 6208 4555	1
3735 7779 5339	0
823 3907	2
3735 6798 5293 891 2438 7940	0
3735 8289 8561	0
3735 4327 6883 8610	0
3741 6810 6724 4467 5485 8383 9097	1
1831 4393 5851	0
3735 6883 3453	0
1831 4442 8995 4640	0
3735 7202 5239	0
3735 5796 6839 3045 2992 5319 5188	1
3735 7897 5836 4190 7815	0
3735 5209 6099 5251	0
3735 4922 6213 2611 3835 9286	1
3735 1947 6700 6249 212	1
3735 4053 8527	0
1888 4915 3115	2
3735 7867 7387 453 3645 4754	0
3735 3045 1533 5726 8584	1
3735 7588	0
3735 1131 544 2011 645 7804 3151 2623 2227	1
3735 2142	2
3735 6605 6668 3133 1127 8322	1
3735 5529	1
3735 4850 1357 1758 5699	1
3735 5635 106	1
3735 6521 9315 9345 8533 3333	1
3735 5819	0
1831 1858 8338 1331 2908	0
3735 5629	0
3735 8135 6888 5474	1
3735 853 1151	0
2573 2204 24 358 5751 1897 5424	1
3735 4607 5428 215 7933 3281 579	1
1831 8226 5260 6642 3105	0
3735 1652 3271 6070 8970 9254 6213 161 166	1
3735 8874 4169 5535 7661 8161	1
3735 6231	1
3735 8194 7054 9275 3585	1
3735 5753 5112 6046	1
3749 9368 8232 2593 4388 8662	0
3735 5215 7258 5725	1
2573 7039 3918 3141 791 8052	1
1831 462 5972	0
3735 4051 1233 2216 2723 3309	1
3735 3869 2589 797 1922	2
3735 6552 5482 6939 8126 4740	1
3735 6779 7348 1357 1758 4 9378 9401 4510 4131	1
3735 4047 2954 3660 4353 8247 4730 112	1
3735 8417 6297	0
3735 5753 7379	1
1831 9401 4411 7958	0
3735 9162 9028 2233 727	0
3735 6439 652 875 7528	1
3735 8522 948 2010 7528	1
3735 8838 6179 6821	1
1831 1858 6860	0
1831 1858 7259 8498 7759 5423 302 6088	0
514	1
1831 8327 8163	0
3735 6820 6612 5971 8872	0
3749 7244 6852	0
1831 9284 3814 1386 6995	0
3735 3477	0
3735 5217 4837	1
3735 533 7091 5859	1
3735 3869 1865 8552	2
1831 1858 7917 8982 2650 867	0
3735 1351 2022 5182 1935 3773 5753	1
3735 5292 5962 9154	0
3735 1521 4564 2145 2335	1
3735 1978 4564 1977	1
3735 2011 814 836 1762 978	1
3735 7367	0
3735 4850 906	1
3735 5753 5880	1
3749 9440 6464	0
3735 2552 5619 7392	0
3735 8470 8316	1
3735 7094 8416 5907 8416 6342	0
3735 5217 4837	1
3735 275 2048 7516	0
3735 6304 5706 5851 4219 4221 7321 9052	1
3735 6605 9261 4950 7702 941	1
1831 1858 5967 4470 7896 7132	0
3735 4622 8501 7420 7916	1
3735 5991 5746 239	1
3735 1308 395 5969 7528	1
3735 8664 5880 8790 5483	1
3735 2425	0
3735 4577 4130	0
3735 164 5618 7039 8000 5318 2011 1854 2330 1408 1844 714 2377 522 3243 1664	1
3735 4850 6709 740 1585 9267 6708 2240 2299 3567	1
3735 4421 7503	0
3735 6370 5555 7008 6760 5026	1
3735 6163 847 2953 8222	0
3735 5822 7691 1757 6324 6325	1
3735 3817 1034	0
3735 4265 4507 6842	0
3735 6339	0
3735 9378 6924	0
3735 3255 6259 5390 5390	1
3735 1967 4454	0
3735 4105 8626	0
3735 7527	0
3735 6883 3592	0
1831 1658 1180 3957 1977 6258	0
1831 8284 6432 1968 1952 2087 5240 5605 8123	0
3735 5653 2558 7431 6261 942 5542	0
3735 6001 7080 743 3682 1151	1
3735 9079 7526	1
1831 6035 8250	0
3735 7766 4607 4452	0
3735 8433 7501	0
3735 942 8526 4439	0
3735 6007	0
3749 6290 4476 6762	0
3735 5112 5662	1
3735 6350 5065 4603 1359 2181	1
3735 5292 4426 6499	0
3749 3484 3509	0
3735 5709 6632 8809 7635 7846 3321 3308 867	0
3735 8194 9226 1342	1
3735 5887 4439 5991 7791 1701 3799	1
3735 4850 2490 7720 6594	1
3735 7718 2169 7984 3155 6075 1193	0
3749 7006 8362 4853	0
3735 7293 3864 7340	0
3735 5047	0
1831 3461 8595 7366	0
3735 1999 4326 4565	1
3735 5691 6117 5483 5880	1
3735 4384 8016 8552	2
3735 5118	0
3735 8732	0
3735 6171 8664 6310 4396	1
1831 3865	0
3735 4051 3217 800 3486 1893 2028	1
1831 4067 4455	0
3735 4243 7310 7969 4224 120 4224 123 4224 124	1
3735 4823 4923 9314 8735 9165	1
3735 1695	2
3749 7411 4536 4998 8953 5093	0
3735 4612 7437 1088 6154	1
3735 5292 4775 4930 7267 4930	0
3735 3362 2205 9277 5766	1
1831 1858 9010 5794 4915	0
3735 6001 7080 743 3682 1151	1
3735 4697 1283 8552	2
3749 7216 8112 9261 5947 9261	0
3735 817 8422 7266 6451 4508 2011 1397 2077 4146	1
1831 8440 3095 1104	0
3735 7193 8013 3050 558	0
3741 6648 4640 7036 6645 5959 6648 9234 33 6645 7865 7865 6648	1
3741 8250 4984 6663	1
3741 5466 7431 6198	1
3735 8083 8416 6070	0
3735 6888 985 4201 5408	1
3735 8462 9315 6782 2373 3608	1
3735 9242 6505 7803 1342 6598	1
3735 7605 225	0
3735 6883 8659	0
3735 4851 5697 4565	1
3735 7093 3982 8025 6287	1
3735 452	0
3735 6164 2822 3455 2122	0
3735 8502 4837	1
3740 4437	0
3735 3208	0
3735 6256 7929 891 959 4343	0
3735 8196 9106	0
3735 692 1781 3308 1125 5726	0
3735 3974 4868 4411 6703	1
3735 2247 1009	0
3735 1039 4964 4565	1
3735 6450 4028 8524 8492 8813 176	1
3735 8729 6868	0
3735 5305	0
3735 4157 7459 8772 1970 225	1
3735 5753 7396 7203	1
1831 5207 8916	0
3735 641 365 8119 8984	1
3735 5214 6389 7480 8051	1
3735 3633 8849 4379	0
3735 8774 7007 1746	1
3735 7457	0
3735 3618	0
3735 9242 2894 1034 5875	1
3735 1859 8552	2
3735 2527 2315 5853 3438 1582 1321	1
3735 3532 6736	0
3735 6173 4715 4497 8529	1
3735 8838 7351 9399 8752	1
3735 5099 5714 4653 1930 1415	1
3735 7132 8235 3132 2154 971	1
3735 2658 4358	1
3735 5753 6758	1
3735 3869 2667 8552	2
3735 3761 3398 4411 4363 7624 6633 8378 8006	1
3740 8838 301	0
3735 678 769 9259	1
1831 7353	0
3735 9128 1918	0
3735 2011 2134 3399 1968 1952 1052 128	1
3735 1586 1834	0
1831 9078 942 4701 6548	0
3735 7531 7061 8614 5991 7062 4685	0
3735 4640 8160 5778	0
3735 5424 5908 8835 7279 6533 5986	1
3735 6635 6201 9144	0
3735 6779 7348 7 41 5513 5796 2011 1397 2077 4146	1
3735 9378 4480 6046 8269 8049 5543 4668 8950 9236	1
3735 4714 5911 7083	1
1831 5528 4558 7080	0
3735 5874 8621 4351 7117 4351 954 9027	1
3735 4388 5991 9374 7528	1
2573 1521 6256 7443 7923 2580 1862	1
3735 7081 8282 1012	1
1831 7081	0
3735 8522 7529 6605 5785	1
3735 5796 2251 1467 9338 3918 2712	1
3735 5753 4285	1
3735 3259 1433	0
3735 6370 5555 7008 6760 5026	1
3735 9184	1
3735 5161 7108 6287 8599	1
3735 2003 3374 6463	1
3735 7718 2169 7984 3155 6075 1193	0
1831 2775 3222 9012 8916	0
3735 7293 6513 6513	0
3735 6893 7767 4791	0
3735 5460	0
3735 5753 4731	1
3735 7762 6683 6441	1
3735 7521 6605 8202	1
3735 9078 8404	1
3735 5881 7732	1
3735 8430 5424 7736 4335 6443 4556	1
3735 4884 5529 1287 5109	1
1831 5735 7274	0
3735 6187 8552	0
3735 9162 146 9028 2011 3433 3168	0
3735 8753 4142	1
3735 5462 8552	2
3735 5209 9357	0
3735 2858	0
3735 7770 5046 6315 9416	1
3735 9378 6757 7350 3880	1
3735 2597 9141 7980	1
3735 5723 5996 8377 5137 6907 787 2503 7312	1
3735 7024 7237	0
3735 1961 5649 4534 6155 4264	1
3735 9235 6653 6653	1
3735 7431 5948 4463 8948	1
1888 2548 468 2527 3226 5732	0
3735 9378 2138	2
3735 7847 1506	0
3735 7457	0
3735 5292 2603 4130 3069 4130	0
1831 1858 4763 4826	0
3735 4651	0
3735 1535 17 2167 750 8671	0
3735 7293 5685 8972 5174 8686	0
3735 429 7875 4756	1
3735 8838 4320 4612 5183	1
3735 5967 3993	1
3735 6588 5482	1
3735 8956	0
3735 6883 2067	0
3735 7544 6115	1
1831 7370 8683 5508 1290 33 8142 6430	0
3735 6164 693 1897 9242 107	0
3735 7861 8916 7684	0
3735 7542	0
1831 5005	0
3735 6869 5708	0
3735 7293 9378 2726	0
3486 5019 4567 4396	1
3735 5743 4915	1
3735 9242 1470 2624 8828 9042	1
1831 5656 5257	0
3735 8517 5796 8458 8980	0
2983 920 7532 6439	1
3735 5840 5482	1
3396 1703 4954 8340 5057	1
3735 5436 9021 346 7404	1
3735 7615 8430 5424 6979 8470	1
3735 7880 1311 649	1
3735 4563 9003 1342	1
3735 9442 8320 531 71	1
1831 1858 1858 7636	0
3735 6806 5116	0
3735 5850	0
3735 5272 7084	0
3735 5915 5905 5009	1
3735 4051 3217 800 3486 1893 2028	1
3735 5550	0
3735 7285 5967 4398 8375 5137	1
3735 5348 3585 3413 1073 2046 3508 2369	0
3735 7835 5110 430 8008	0
3735 8451 7582 168	1
3749 4724	0
3735 9173 5917 8171 4256 6477 8282	1
3735 5504 7145 5593	0
3735 7842 7121 5331 8751 6470 7038 8909 8733 6383 9211 6119 8306 5625	1
3749 4707 4338 7987	0
3735 6717 8838 7528	1
3735 4396 6115 6683	1
3735 4553 6908	0
3735 2250 877 6463 4200 3143 1263 161	1
3735 9137 4723 7619	1
3735 9198	0
3735 7617 4610 1371	1
3735 7293 5993 8923	0
3735 4113 6901	0
3735 6743 8819 8229	1
3741 4461 4677 4487 7011	1
3735 4331 4051	1
3735 8790 4269 4833	1
3749 9378 3869	0
3735 7627 8954 236 237	1
3735 7094 6639	0
3735 6772 3353 3317 582	0
1831 8495 6785 8511 6015 3957 7314 6015	0
3735 3438 2011 3181 8338 8866	1
1831 7686 9208	0
3735 4456 4714 4988 8033	1
3735 8852 1447 428	0
3735 6624	1
3735 4411 5876 1539 3229	1
3735 4564 6008	1
3735 6953 4497	0
3735 1284 8752 8657 7683	0
3735 1618	0
3735 6649 4379 4000 6696 837	1
3735 484 2660 45 51	0
3735 2449 7357 6160 5808 8964	1
3735 6422 8840	0
3735 1249 7982	1
1831 5528 8646 7764	0
3735 876 1209	0
3735 6893 4928 4206 4419 4453	1
3735 4133 6444	0
3735 4617 9059 8752	0
3735 5348 1355 3352 1562 3486 879 3474 3579	0
3735 1585 3710 3963	1
2573 1549 6598	1
3735 4927 1268 5309 1521 5954	1
3735 2142	2
3740 6142 6115 5743	1
3735 1939 5037 2991 1093	1
3749 7880 4412 7884 8564 4833 9261 4400	0
3735 7460	0
3735 4885 45 6668 9378 1342 6598	1
3735 6176 602 2385 9277	1
3735 8113	0
3749 1618 4371 7431 8411	0
3735 4823 6435 2011 1240 9401 4411 3376 3205	1
3735 9155 4858 8675	1
3749 6206 7203 9012 5405 5742	0
3735 1770 1774 4411 8046	1
3735 3028 1440 6199 7872 2642 2921 2826	0
3735 8838 4320 4612 5183	1
3735 7464 5753	1
3735 5155 8940 7360	1
3749 4363 4850 7033 3731	0
3735 6887 5129	0
3735 5753 5977	1
3735 7094 7766 8957	0
3749 1145 2119 1399 9378 7685	0
3749 4564 5976 4408	0
3735 4653 3214 1642 4796 2135 7229	0
3735 2732	2
3735 6987 6598 4600 8344 5823 7712	1
3741 6605 4793 5281 9355 1373	1
3735 7062 6439 2912 7528 1968 2021 1528 1767 1368	1
3735 2719 3014 1235 4564 6426 8570	1
3735 4351 5233	1
3735 5081 3877 5743 7041 4351 6811 5625	1
1831 1483 1293 9146 1398 3629 5571	0
3735 2991 2855	0
3735 6599 8517 3260 4565	1
3735 6163 8429 9261	0
3735 8152 5025	1
3735 4612 7437 1088 6154	1
3735 8242 2011 2174 870 336 3276 3536 1591	0
3749 546 3318 1621	0
1831 7526	0
3735 763 7062 6435 905 1223 2958	1
3741 7013 4361 5416 4379 1122 2565 818 1122 2565	1
3735 1618 5074 8221 674	1
3735 9442 8320 531 71	1
3735 7293 9378 7363	0
3735 7082	0
1831 1858 6860	0
1831 3054 2350 5289	0
3735 7521 8084	1
3735 5910 6066 7211	1
3735 9053	0
3735 6070 4219	1
1567 2064 7533 5991	1
3735 4564 5765 5672	1
3735 4336 3585 6779 3984 4363 4183	1
3749 5583 6049 5230 150	0
1609 7867 430 1900 7235 5432 8147	0
3735 8471 7529	0
1831 4011 4769 4978 6384 8795 7767	0
3741 6559 9303 5290 3177 3804 5974 6404	1
3735 8905	0
3735 8905	0
3735 3632 8552	2
3735 3117 8552	2
3214 1642 4797 2246 449 7229 7867	0
3735 8325 5042 7876	1
2573 5726 4626 4647	1
3735 848 2589 4065	0
3735 8522 5760 8410 4781 6508	1
3735 8450 8693 578 2744	0
3735 7723 328	0
3735 4557 8422	0
3735 7574	0
3735 3675	1
3735 6716 6883 1111	0
3735 4617 9059 8752	0
3735 2772 796 7332	1
3735 4456 4714 4988 8033	1
3749 5508 8708 8616	0
3735 4850 5846 4798 8543 636 5836	1
3735 1406 2758 3339 2250	0
1888 6897 3396 1703 4954 8340 5057	1
3735 4599 2394 3721	0
3735 8194 9226 1342	1
3735 8826 4033 7394	1
3735 9422 6141 8797 2306	0
3741 7693 8913 8746	1
3735 4853 4373 8680 7727	1
1831 1858 6734 1748 3585 1374 1019	0
3735 8213 4915 6984	1
3735 4884 7158 5331	1
3735 8807 4565 4833 5980 7686	1
3746 4050 8470	1
3735 8522 5941 7342 4899	1
3735 4852 5863 4381 5718 2611 1341	1
3735 9276 2418 9243	1
3735 8557 7811 4487 1911 2373 1287	1
3735 5396 6668 4565	1
3735 1694 8552	2
3735 1694 8552	2
3735 6258 8363	0
1831 7902 9283	0
3735 4101 6995	0
3749 7652 4996 8126 8916 6571	0
1831 1858 4763 4550 3883	0
3735 9314 4893	1
3735 761 3438 8229 5759 1335 2782	1
3735 6794 4379 9173	1
3735 5741 3744 2036 7400 129	1
1888 634 572 3148 5369	1
3735 6304 7693 3940 3902	1
1831 1858 6757 3318	1
3735 6134	0
3735 8493 8337 9265	0
3735 7094 7766 8957	0
3735 4850 5101 3427 5836	1
3735 7691 5760 5956 5295 22	1
3740 6310 8370 8219	1
3735 2241 2349 941	0
3735 4229	0
3735 8060 5641	0
3735 4733 8029	0
3735 3477	0
3735 3869 9038	2
3735 8924	0
3735 6008	1
3735 6798 7940 1896	1
3735 823 8552	2
3735 943	1
3735 5995 5153	0
3735 7293 954 9025	0
3735 5779 5880	0
3735 1037 3664 5620	1
3735 6794 7867 5523 9157 7582 7184	0
3735 6450 8522 7295 4565 6322	1
3735 2220	0
3735 5399 44	0
3735 1978 8147 9104	0
1831 1858 6757 3318	1
3735 7691 5402 7537 5402 5970	1
1831 6863 8424 8200	0
3735 2962 4915	2
3735 7050	0
3735 7137 982 1900	1
3749 5288 1374 4846 8080 8531 6397 8010	0
3735 4050 6204 6974 4565 3242 7080	1
3735 7293 9378 7363	0
3735 1858 6637 5239 9281	0
3735 5351 6838 2226 2981 5369	1
3735 2098 1913 8252 7631 7435 430 6807	0
3735 5292 8848 4801 1521 8848	0
3735 3446 2321	1
3749 1145 2119 1399 9378 7685	0
3735 5753 9027	1
3749 5368 9408 4061 7796	0
3735 5292 4207 45 4278 4079	0
3735 7711 4811 1346 1577 5583 2548 1618 6734	0
3735 4191	0
3735 5734 8287	1
3735 3761 2324 3480 5796 3352 2128	1
1831 1653 1930	1
3735 4850 5699 8219 6687	1
3735 8433 7501	0
3735 7459 5665 7857 7003 7748 3486 679 2612	1
3735 7293 753	0
3735 5668 7029 4788	1
3735 4265 4284	1
3735 2133 3261 3199 2549	0
3735 6605 3585 3979 5099 9291	1
1831 4757	0
3735 1037 3664 5620	1
1831 1858 2500 8320	0
3735 7123	0
3735 5753 4277	1
3735 8838 8688 6016 6866 7286	1
3735 3731 3673 4050	1
3735 568 1527 1508	1
3735 9242 2013 2988 685 3818 5788	1
3735 6897 3396 1703 8340 5057	1
3735 3873 8328 7019 6752 5381	1
3735 8921 4501 5811 5815	1
3735 3999 8435 4134 4225	1
3735 4769 5722 2094 843 1603	0
3735 9276 2418 9243	1
3735 3197 2910 3847 6629 5369	1
3735 5292 8848 4801 1521 8848	0
1831 7380 5168	0
3735 4055 4329	0
1831 4781 4212 8788 4458	0
3735 6929 5085 2884 4629	1
1831 7832 1867	0
3735 4653 5184 710 2363	0
1831 4805 5905	0
1831 5207 8916	0
2573 5796 9369 1626 618 659 1451 1439	1
3735 5991 1567 2064 7533	1
3735 7373 6610 90 4676	1
1888 2464 2224 3438 4876 5081	1
3735 5753 6142	1
3735 4456 4714 5150	1
1831 6687 9012 9216 8470 6897 9265 7757	0
1831 1858 7931 3540 3456	0
3735 5744 4868 8637 8916	1
3735 8786 5482	1
3735 8838 8252 4179 6806 5771	1
3735 4348	0
3735 3869 1582 2516	2
1528 9053 8589	0
1831 6345 7664	0
3735 9315 4740	0
3735 5753 7022	1
1831 6937	0
3735 1999 4326 4565	1
3735 6439 2983 920 7532	1
823 3869	2
1831 4796 5051 1508 1113 3490 3076	0
1831 9255 7117	0
1831 6688 9012	0
1888 7039 8925	1
3741 3992 1428 3842 6248	1
3735 5292 6757 6403	0
3735 1865 8552	2
3735 5292 6549 4736	0
3735 3124	0
3735 5796 7150	0
1831 1858 8911 5457 4802	0
3735 5796 5759 8409 4699 7080 2086 3218	1
3735 9378 2138	2
3735 6885 4379 3116 7846	0
3735 4634 1008 1309 2134 1244 5421	1
3735 4050 4565 3486 2882 2333 1075	1
3735 9367	1
3735 7293 2068	0
3735 8112	0
3735 6750 5835 4734	1
3735 5504 6932	0
3735 6794 6598 3145 2773 749	1
2573 5796 2034 2171 3910	1
3735 8349 8280 2692	1
3735 1920 1363	0
3735 3632 8552	2
3735 8855	0
3735 5887 4439 5991 7791 1701 3799	1
3735 5177 8347	0
3735 8524 8801 3781 566	1
3735 3206 7528 2659 9353 5327	1
3735 4998 1918	0
3735 8504 4713 7406	1
3735 7844 4831	1
3735 3968 765 384	1
3735 9378 5291	1
3735 6806 9357 4565	1
3735 692 1781 3308 1125 8968 4179	0
3735 4769 5722 5887 5991 1484 5204 3718 3359 66 3196 260 159	0
3735 5292 3943 8209 3407 3635 3632 7515 3635 6984	0
3741 3992 1428 3842 6248	1
3735 7293 954 9025	0
3735 5753 6046	1
3735 2687	0
3735 4678 8990 1326 8917	1
3735 6002 7933 5634	0
3735 6893 8838 4585 4379	1
2477 7138	1
3735 4850 6289	1
2573 8807 5252 4353 5205	1
3735 1342 9378	1
3735 3731 1897 8585 4227 6440	1
3735 7532 4610 8748 5184	1
3735 5193 4612 6381 3737 1493 2256 1161	1
3735 8731 8611	0
1831 5898 3585 3290 3185 4610	0
3735 2003 1266 8866 8450	1
3741 6142 4613 7691 8935 6178 6103 9252	1
3735 231 7201 4565	1
3735 6794 4091 8429 6333	0
1888 5223 4876 8827 3929 6896 4548	1
3396 1703 4954 8340 5057	1
3735 533 1151	0
3735 4219 5991 7529 6876	1
3749 1107 1585 5130	0
3735 9078 7441 1882 1065	1
3749 8458 9012 7798 9261 3985	0
3735 4942 9231 9365	1
3740 5685 4804	0
3735 3857	1
3735 1195 336 3448 3575 969	1
3735 4306 6760 7652 5602 4565	1
3735 7693 7455	1
1831 4337 4252 8686	0
3735 2983 742 6352 6352	1
3735 5807	1
3735 9378 6669 7866 5905 9378	1
3749 7431 6076 5549 6163 6198 4270 7485 7061 4270 4125 6757	0
3735 6401 5755 1591 3582 8661	0
3735 9378 7266	0
3735 8522 948 2010 8950 7530	1
3735 6332	0
3735 4435 9052	0
3749 6037 9277 8997 4457	0
3735 9242 3585 6258	1
3735 643	0
3735 5863 5253 2605 3788 7832	1
3735 6258 3640 1151 4612	0
3735 4850 2527 3330 4379	1
3735 3869 2705 1350 2346	2
3740 8838 318	0
3735 4563 9003 1342	1
3735 7691 6555 8329 7809	1
3735 5743 4876 4195 4431 3594	1
3735 3499 2743 9401	1
3735 3486 1570 1829 1559 7528	1
1888 1758 2686 2333 3177 5824 4643	1
3735 7691 3939 4769 5537 7221 6561 6304 6024 6989 6944	1
3735 6069 6750 5303 8088 9261	1
1831 5453	0
3749 3214 1642 6620 5820 6642 2246 449	0
1831 4329	0
3749 2453 3770 260 8433 8672	0
3735 3362 2205 9277 5766	1
3741 7188 9152 3169 6530 7368 5675 114	1
3741 6405 5331 6561 7431 9386	1
3735 5544 2018 3058	1
3735 6693	0
3735 1858 5369 6721 1221 3731 1901	0
3735 7085	0
3735 5751 8522 3526 3788 3486 2941 1829 1559	1
3735 9242 1470 2624 8828 9042	1
3735 763 7062 5759 8450 1879 1858 8018	1
1831 7081	0
3735 1615 1294	0
3735 4282 9004 6706 4468	1
3735 4769 5722 385 1896	0
3735 6717 8838 7528	1
3735 9271 4408 4396	1
3735 1987	1
3735 303 7668 6639 1913 3008 2176 1868	1
3735 8619 8714	0
3735 3486 7791 1250	1
3735 495 2696 9413	1
3735 249 2011 1548 1349 182	1
3735 6405 5331 5176	1
3735 4767 9242 5917 157 159	1
3735 5822 7691 1757 6324 6325	1
3735 3045 1533 5726 8584	1
3741 8430 5424 2304 3946	1
3735 8982 80 90 4676 2889 6282 4988 510 1373	1
3749 6669 8815 3749 2950 3848	0
3735 7678 8873	0
3740 5569 678 580	0
3735 3510	0
3735 8462 9315 6782 2373 3608	1
3735 4884 7158 5331	1
3735 5771 4396 6586 8382 5880	0
3735 2673 2985	0
3735 6598 8517 749	1
3735 5962 5783 7686	1
1831 5256 4915 6996 3121 3922	0
3735 2808 699 7889 6286 2998 2290 7600 5269	1
3735 4564 5806 6522	1
3735 4243 7310 7969 4224 120 4224 123 4224 124	1
3735 5424 9079 8084	1
3735 8430 5424 7736 4335 6443 4556	1
2573 5869 6810	1
3735 2257 1069	0
3735 5082 851 1941 7080	1
3735 7062 6439 2912 7528 1968 2021 1528 1767 1368	1
3735 5460	0
3735 7069 660 3547	0
3735 4068	0
3735 4733 8774 1014 963 6268 8366 9376	1
3735 9078 5880 5745	1
3735 4915 7269 8757 4916	1
1831 1982 2343 5289	0
3735 5753 5880	1
3749 4565 6151 6150	0
3735 3999 8435 4134 4225	1
3735 5721 4947	0
3735 904 2663 2457	0
3749 7431 8258 6160 5951	0
3735 827 3153	0
3735 5292 4841 9107	0
3735 5292 8384 5944 7828	0
3735 7421 8470 6682 577 538 2986 2972 2490 4388	1
3735 5671 5184 5598	0
3735 287 8552 1402 4803	2
3735 1835 2240	0
3735 8213 4915 6984	1
3735 6258 1824 3738 4625 7687	0
3735 7293 5627 4645 4649	0
3735 1954 3524 4411 5760 681 570 4673 4699	1
3735 4998 1918	0
1831 5761 3972	0
3735 3868 8838 2589 797 1922	2
3735 5424 8084 4824 6949 7497	1
3735 6668 1636 6939 8562	1